Arduino: Pronto para conectar. Aguardando 'START' do PC...
Arduino: Timeout! Nao recebeu 'START'. Reiniciando...
---------- INICIANDO SENSOR ALCOHOL 3 ---------
ValorADC, Tensao [V], Resistencia [kOhm], Etanol [ppm], T [ºC], Humidade [%]
12, 0.01, 1599.17, 0.26, 28.16, 81.94
12, 0.01, 1599.17, 0.26, 28.16, 81.96
12, 0.01, 1599.17, 0.26, 28.16, 81.95
12, 0.01, 1599.17, 0.26, 28.18, 81.85
12, 0.01, 1599.17, 0.26, 28.18, 81.84
12, 0.01, 1599.17, 0.26, 28.21, 81.87
12, 0.01, 1599.17, 0.26, 28.23, 81.78
12, 0.01, 1599.17, 0.26, 28.24, 81.73
12, 0.01, 1599.17, 0.26, 28.25, 81.68
12, 0.01, 1599.17, 0.26, 28.26, 81.64
12, 0.01, 1599.17, 0.26, 28.27, 81.64
12, 0.01, 1599.17, 0.26, 28.31, 81.70
12, 0.01, 1599.17, 0.26, 28.31, 81.68
12, 0.01, 1599.17, 0.26, 28.33, 81.66
12, 0.01, 1599.17, 0.26, 28.31, 81.66
12, 0.01, 1599.17, 0.26, 28.32, 81.64
12, 0.01, 1599.17, 0.26, 28.33, 81.66
12, 0.01, 1599.17, 0.26, 28.33, 81.78
12, 0.01, 1599.17, 0.26, 28.35, 81.70
12, 0.01, 1599.17, 0.26, 28.36, 81.67
12, 0.01, 1599.17, 0.26, 28.36, 81.70
12, 0.01, 1599.17, 0.26, 28.36, 81.71
12, 0.01, 1599.17, 0.26, 28.37, 81.70
12, 0.01, 1599.17, 0.26, 28.40, 81.65
12, 0.01, 1599.17, 0.26, 28.40, 81.62
12, 0.01, 1599.17, 0.26, 28.43, 81.55
12, 0.01, 1599.17, 0.26, 28.43, 81.52
12, 0.01, 1599.17, 0.26, 28.45, 81.50
12, 0.01, 1599.17, 0.26, 28.44, 81.50
12, 0.01, 1599.17, 0.26, 28.47, 81.46
12, 0.01, 1599.17, 0.26, 28.48, 81.46
12, 0.01, 1599.17, 0.26, 28.48, 81.47
12, 0.01, 1599.17, 0.26, 28.47, 81.44
12, 0.01, 1599.17, 0.26, 28.46, 81.45
13, 0.02, 1475.80, 0.29, 28.48, 81.49
12, 0.01, 1599.17, 0.26, 28.47, 81.49
13, 0.02, 1475.80, 0.29, 28.49, 81.50
12, 0.01, 1599.17, 0.26, 28.50, 81.49
12, 0.01, 1599.17, 0.26, 28.52, 81.43
12, 0.01, 1599.17, 0.26, 28.53, 81.35
12, 0.01, 1599.17, 0.26, 28.55, 81.37
12, 0.01, 1599.17, 0.26, 28.54, 81.32
12, 0.01, 1599.17, 0.26, 28.56, 81.31
12, 0.01, 1599.17, 0.26, 28.57, 81.32
12, 0.01, 1599.17, 0.26, 28.56, 81.23
12, 0.01, 1599.17, 0.26, 28.53, 81.30
12, 0.01, 1599.17, 0.26, 28.56, 81.26
12, 0.01, 1599.17, 0.26, 28.57, 81.28
12, 0.01, 1599.17, 0.26, 28.57, 81.20
12, 0.01, 1599.17, 0.26, 28.58, 81.22
12, 0.01, 1599.17, 0.26, 28.60, 81.21
13, 0.02, 1475.80, 0.29, 28.60, 81.26
13, 0.02, 1475.80, 0.29, 28.60, 81.28
12, 0.01, 1599.17, 0.26, 28.61, 81.30
12, 0.01, 1599.17, 0.26, 28.62, 81.26
13, 0.02, 1475.80, 0.29, 28.62, 81.14
13, 0.02, 1475.80, 0.29, 28.63, 81.11
12, 0.01, 1599.17, 0.26, 28.63, 81.03
12, 0.01, 1599.17, 0.26, 28.64, 80.87
12, 0.01, 1599.17, 0.26, 28.63, 80.73
12, 0.01, 1599.17, 0.26, 28.62, 80.51
12, 0.01, 1599.17, 0.26, 28.61, 80.37
12, 0.01, 1599.17, 0.26, 28.60, 80.20
12, 0.01, 1599.17, 0.26, 28.58, 80.08
12, 0.01, 1599.17, 0.26, 28.58, 80.02
12, 0.01, 1599.17, 0.26, 28.59, 79.95
12, 0.01, 1599.17, 0.26, 28.59, 79.89
12, 0.01, 1599.17, 0.26, 28.59, 79.89
12, 0.01, 1599.17, 0.26, 28.58, 79.88
12, 0.01, 1599.17, 0.26, 28.58, 79.89
12, 0.01, 1599.17, 0.26, 28.59, 79.86
12, 0.01, 1599.17, 0.26, 28.60, 79.88
12, 0.01, 1599.17, 0.26, 28.61, 79.83
12, 0.01, 1599.17, 0.26, 28.60, 79.81
12, 0.01, 1599.17, 0.26, 28.59, 79.77
12, 0.01, 1599.17, 0.26, 28.58, 79.76
12, 0.01, 1599.17, 0.26, 28.61, 79.74
12, 0.01, 1599.17, 0.26, 28.60, 79.77
12, 0.01, 1599.17, 0.26, 28.63, 79.78
12, 0.01, 1599.17, 0.26, 28.60, 79.82
12, 0.01, 1599.17, 0.26, 28.61, 79.84
12, 0.01, 1599.17, 0.26, 28.61, 79.89
12, 0.01, 1599.17, 0.26, 28.61, 79.90
12, 0.01, 1599.17, 0.26, 28.63, 79.88
12, 0.01, 1599.17, 0.26, 28.62, 79.84
12, 0.01, 1599.17, 0.26, 28.62, 79.89
12, 0.01, 1599.17, 0.26, 28.62, 79.88
12, 0.01, 1599.17, 0.26, 28.64, 79.86
12, 0.01, 1599.17, 0.26, 28.64, 79.82
12, 0.01, 1599.17, 0.26, 28.64, 79.81
12, 0.01, 1599.17, 0.26, 28.64, 79.81
12, 0.01, 1599.17, 0.26, 28.65, 79.79
12, 0.01, 1599.17, 0.26, 28.64, 79.82
12, 0.01, 1599.17, 0.26, 28.64, 79.80
12, 0.01, 1599.17, 0.26, 28.64, 79.75
12, 0.01, 1599.17, 0.26, 28.65, 79.78
12, 0.01, 1599.17, 0.26, 28.66, 79.73
12, 0.01, 1599.17, 0.26, 28.67, 79.70
12, 0.01, 1599.17, 0.26, 28.66, 79.67
12, 0.01, 1599.17, 0.26, 28.66, 79.66
12, 0.01, 1599.17, 0.26, 28.64, 79.66
12, 0.01, 1599.17, 0.26, 28.65, 79.65
12, 0.01, 1599.17, 0.26, 28.64, 79.68
12, 0.01, 1599.17, 0.26, 28.66, 79.63
12, 0.01, 1599.17, 0.26, 28.64, 79.59
12, 0.01, 1599.17, 0.26, 28.64, 79.57
12, 0.01, 1599.17, 0.26, 28.65, 79.54
12, 0.01, 1599.17, 0.26, 28.64, 79.52
12, 0.01, 1599.17, 0.26, 28.65, 79.47
12, 0.01, 1599.17, 0.26, 28.65, 79.48
12, 0.01, 1599.17, 0.26, 28.66, 79.47
12, 0.01, 1599.17, 0.26, 28.65, 79.60
12, 0.01, 1599.17, 0.26, 28.64, 79.61
12, 0.01, 1599.17, 0.26, 28.65, 79.70
12, 0.01, 1599.17, 0.26, 28.65, 79.65
12, 0.01, 1599.17, 0.26, 28.66, 79.66
12, 0.01, 1599.17, 0.26, 28.67, 79.61
12, 0.01, 1599.17, 0.26, 28.65, 79.65
12, 0.01, 1599.17, 0.26, 28.65, 79.68
12, 0.01, 1599.17, 0.26, 28.67, 79.64
12, 0.01, 1599.17, 0.26, 28.67, 79.59
12, 0.01, 1599.17, 0.26, 28.67, 79.64
12, 0.01, 1599.17, 0.26, 28.67, 79.62
12, 0.01, 1599.17, 0.26, 28.69, 79.59
12, 0.01, 1599.17, 0.26, 28.68, 79.55
12, 0.01, 1599.17, 0.26, 28.69, 79.51
12, 0.01, 1599.17, 0.26, 28.69, 79.49
12, 0.01, 1599.17, 0.26, 28.69, 79.48
12, 0.01, 1599.17, 0.26, 28.68, 79.52
12, 0.01, 1599.17, 0.26, 28.69, 79.50
12, 0.01, 1599.17, 0.26, 28.69, 79.50
12, 0.01, 1599.17, 0.26, 28.70, 79.47
12, 0.01, 1599.17, 0.26, 28.68, 79.45
12, 0.01, 1599.17, 0.26, 28.69, 79.44
12, 0.01, 1599.17, 0.26, 28.69, 79.39
12, 0.01, 1599.17, 0.26, 28.70, 79.35
12, 0.01, 1599.17, 0.26, 28.69, 79.37
12, 0.01, 1599.17, 0.26, 28.67, 79.39
12, 0.01, 1599.17, 0.26, 28.66, 79.38
12, 0.01, 1599.17, 0.26, 28.67, 79.38
12, 0.01, 1599.17, 0.26, 28.68, 79.30
12, 0.01, 1599.17, 0.26, 28.67, 79.28
12, 0.01, 1599.17, 0.26, 28.67, 79.29
12, 0.01, 1599.17, 0.26, 28.68, 79.34
12, 0.01, 1599.17, 0.26, 28.68, 79.34
12, 0.01, 1599.17, 0.26, 28.68, 79.32
12, 0.01, 1599.17, 0.26, 28.69, 79.30
12, 0.01, 1599.17, 0.26, 28.70, 79.26
12, 0.01, 1599.17, 0.26, 28.69, 79.26
12, 0.01, 1599.17, 0.26, 28.69, 79.30
12, 0.01, 1599.17, 0.26, 28.70, 79.30
12, 0.01, 1599.17, 0.26, 28.70, 79.24
12, 0.01, 1599.17, 0.26, 28.68, 79.21
12, 0.01, 1599.17, 0.26, 28.70, 79.23
12, 0.01, 1599.17, 0.26, 28.69, 79.24
12, 0.01, 1599.17, 0.26, 28.70, 79.27
12, 0.01, 1599.17, 0.26, 28.70, 79.28
12, 0.01, 1599.17, 0.26, 28.71, 79.26
12, 0.01, 1599.17, 0.26, 28.72, 79.23
12, 0.01, 1599.17, 0.26, 28.71, 79.22
12, 0.01, 1599.17, 0.26, 28.69, 79.20
12, 0.01, 1599.17, 0.26, 28.72, 79.64
12, 0.01, 1599.17, 0.26, 28.72, 79.39
12, 0.01, 1599.17, 0.26, 28.71, 79.25
12, 0.01, 1599.17, 0.26, 28.70, 79.20
12, 0.01, 1599.17, 0.26, 28.70, 79.24
12, 0.01, 1599.17, 0.26, 28.70, 79.28
12, 0.01, 1599.17, 0.26, 28.69, 79.34
12, 0.01, 1599.17, 0.26, 28.68, 79.33
12, 0.01, 1599.17, 0.26, 28.68, 79.38
12, 0.01, 1599.17, 0.26, 28.69, 79.35
12, 0.01, 1599.17, 0.26, 28.64, 79.30
12, 0.01, 1599.17, 0.26, 28.66, 79.29
12, 0.01, 1599.17, 0.26, 28.66, 79.31
12, 0.01, 1599.17, 0.26, 28.63, 79.30
12, 0.01, 1599.17, 0.26, 28.61, 79.31
12, 0.01, 1599.17, 0.26, 28.62, 79.30
12, 0.01, 1599.17, 0.26, 28.61, 79.27
12, 0.01, 1599.17, 0.26, 28.60, 79.25
12, 0.01, 1599.17, 0.26, 28.59, 79.29
12, 0.01, 1599.17, 0.26, 28.63, 79.24
12, 0.01, 1599.17, 0.26, 28.63, 79.19
12, 0.01, 1599.17, 0.26, 28.64, 79.16
12, 0.01, 1599.17, 0.26, 28.65, 79.13
12, 0.01, 1599.17, 0.26, 28.65, 79.10
12, 0.01, 1599.17, 0.26, 28.66, 79.09
12, 0.01, 1599.17, 0.26, 28.66, 79.09
12, 0.01, 1599.17, 0.26, 28.64, 79.09
12, 0.01, 1599.17, 0.26, 28.64, 79.08
12, 0.01, 1599.17, 0.26, 28.65, 79.09
12, 0.01, 1599.17, 0.26, 28.61, 79.04
12, 0.01, 1599.17, 0.26, 28.64, 79.09
12, 0.01, 1599.17, 0.26, 28.63, 79.07
12, 0.01, 1599.17, 0.26, 28.63, 79.04
12, 0.01, 1599.17, 0.26, 28.59, 79.03
12, 0.01, 1599.17, 0.26, 28.60, 79.04
12, 0.01, 1599.17, 0.26, 28.60, 79.06
12, 0.01, 1599.17, 0.26, 28.60, 79.00
12, 0.01, 1599.17, 0.26, 28.62, 78.94
12, 0.01, 1599.17, 0.26, 28.63, 78.94
12, 0.01, 1599.17, 0.26, 28.61, 78.90
12, 0.01, 1599.17, 0.26, 28.61, 78.95
12, 0.01, 1599.17, 0.26, 28.63, 78.92
12, 0.01, 1599.17, 0.26, 28.63, 78.88
12, 0.01, 1599.17, 0.26, 28.64, 78.84
12, 0.01, 1599.17, 0.26, 28.65, 78.82
12, 0.01, 1599.17, 0.26, 28.67, 78.80
12, 0.01, 1599.17, 0.26, 28.65, 78.76
12, 0.01, 1599.17, 0.26, 28.65, 78.83
12, 0.01, 1599.17, 0.26, 28.65, 78.82
12, 0.01, 1599.17, 0.26, 28.61, 78.80
12, 0.01, 1599.17, 0.26, 28.61, 78.77
12, 0.01, 1599.17, 0.26, 28.64, 78.72
12, 0.01, 1599.17, 0.26, 28.61, 78.74
12, 0.01, 1599.17, 0.26, 28.63, 78.72
12, 0.01, 1599.17, 0.26, 28.62, 78.76
12, 0.01, 1599.17, 0.26, 28.64, 78.73
12, 0.01, 1599.17, 0.26, 28.62, 78.78
12, 0.01, 1599.17, 0.26, 28.62, 78.77
12, 0.01, 1599.17, 0.26, 28.61, 78.72
12, 0.01, 1599.17, 0.26, 28.61, 78.74
12, 0.01, 1599.17, 0.26, 28.59, 78.69
12, 0.01, 1599.17, 0.26, 28.62, 78.68
12, 0.01, 1599.17, 0.26, 28.65, 78.69
12, 0.01, 1599.17, 0.26, 28.60, 78.67
12, 0.01, 1599.17, 0.26, 28.62, 78.68
12, 0.01, 1599.17, 0.26, 28.62, 78.69
12, 0.01, 1599.17, 0.26, 28.61, 78.68
12, 0.01, 1599.17, 0.26, 28.62, 78.66
12, 0.01, 1599.17, 0.26, 28.63, 78.65
12, 0.01, 1599.17, 0.26, 28.64, 78.58
12, 0.01, 1599.17, 0.26, 28.63, 78.60
12, 0.01, 1599.17, 0.26, 28.62, 78.56
12, 0.01, 1599.17, 0.26, 28.66, 78.52
12, 0.01, 1599.17, 0.26, 28.63, 78.56
12, 0.01, 1599.17, 0.26, 28.62, 78.55
12, 0.01, 1599.17, 0.26, 28.63, 78.55
12, 0.01, 1599.17, 0.26, 28.65, 78.54
12, 0.01, 1599.17, 0.26, 28.65, 78.48
12, 0.01, 1599.17, 0.26, 28.64, 78.46
12, 0.01, 1599.17, 0.26, 28.63, 78.53
12, 0.01, 1599.17, 0.26, 28.65, 78.51
12, 0.01, 1599.17, 0.26, 28.64, 78.51
12, 0.01, 1599.17, 0.26, 28.64, 78.50
12, 0.01, 1599.17, 0.26, 28.64, 78.49
12, 0.01, 1599.17, 0.26, 28.64, 78.44
12, 0.01, 1599.17, 0.26, 28.67, 78.43
12, 0.01, 1599.17, 0.26, 28.66, 78.46
12, 0.01, 1599.17, 0.26, 28.62, 78.47
12, 0.01, 1599.17, 0.26, 28.63, 78.54
12, 0.01, 1599.17, 0.26, 28.61, 78.55
12, 0.01, 1599.17, 0.26, 28.63, 78.57
12, 0.01, 1599.17, 0.26, 28.62, 78.49
12, 0.01, 1599.17, 0.26, 28.66, 78.48
12, 0.01, 1599.17, 0.26, 28.65, 78.47
12, 0.01, 1599.17, 0.26, 28.65, 78.49
12, 0.01, 1599.17, 0.26, 28.66, 78.51
12, 0.01, 1599.17, 0.26, 28.66, 78.50
12, 0.01, 1599.17, 0.26, 28.61, 78.52
12, 0.01, 1599.17, 0.26, 28.60, 78.54
12, 0.01, 1599.17, 0.26, 28.58, 78.56
12, 0.01, 1599.17, 0.26, 28.55, 78.62
12, 0.01, 1599.17, 0.26, 28.56, 78.65
12, 0.01, 1599.17, 0.26, 28.59, 78.63
12, 0.01, 1599.17, 0.26, 28.62, 78.55
12, 0.01, 1599.17, 0.26, 28.64, 78.50
12, 0.01, 1599.17, 0.26, 28.64, 78.48
12, 0.01, 1599.17, 0.26, 28.65, 78.48
12, 0.01, 1599.17, 0.26, 28.62, 78.47
12, 0.01, 1599.17, 0.26, 28.58, 78.54
12, 0.01, 1599.17, 0.26, 28.59, 78.57
12, 0.01, 1599.17, 0.26, 28.59, 78.58
12, 0.01, 1599.17, 0.26, 28.60, 78.55
12, 0.01, 1599.17, 0.26, 28.61, 78.49
12, 0.01, 1599.17, 0.26, 28.62, 78.47
12, 0.01, 1599.17, 0.26, 28.64, 78.44
12, 0.01, 1599.17, 0.26, 28.63, 78.42
12, 0.01, 1599.17, 0.26, 28.61, 78.34
12, 0.01, 1599.17, 0.26, 28.58, 78.40
12, 0.01, 1599.17, 0.26, 28.58, 78.44
12, 0.01, 1599.17, 0.26, 28.60, 78.44
12, 0.01, 1599.17, 0.26, 28.59, 78.43
12, 0.01, 1599.17, 0.26, 28.58, 78.45
12, 0.01, 1599.17, 0.26, 28.59, 78.43
12, 0.01, 1599.17, 0.26, 28.59, 78.43
12, 0.01, 1599.17, 0.26, 28.59, 78.49
12, 0.01, 1599.17, 0.26, 28.60, 78.47
12, 0.01, 1599.17, 0.26, 28.60, 78.45
12, 0.01, 1599.17, 0.26, 28.60, 78.52
12, 0.01, 1599.17, 0.26, 28.59, 78.49
12, 0.01, 1599.17, 0.26, 28.61, 78.46
12, 0.01, 1599.17, 0.26, 28.59, 78.46
12, 0.01, 1599.17, 0.26, 28.62, 78.46
12, 0.01, 1599.17, 0.26, 28.60, 78.42
12, 0.01, 1599.17, 0.26, 28.60, 78.43
12, 0.01, 1599.17, 0.26, 28.62, 78.41
12, 0.01, 1599.17, 0.26, 28.58, 78.44
12, 0.01, 1599.17, 0.26, 28.60, 78.43
12, 0.01, 1599.17, 0.26, 28.59, 78.41
12, 0.01, 1599.17, 0.26, 28.61, 78.36
12, 0.01, 1599.17, 0.26, 28.57, 78.42
12, 0.01, 1599.17, 0.26, 28.60, 78.37
12, 0.01, 1599.17, 0.26, 28.61, 78.38
12, 0.01, 1599.17, 0.26, 28.62, 78.33
12, 0.01, 1599.17, 0.26, 28.61, 78.35
12, 0.01, 1599.17, 0.26, 28.61, 78.37
12, 0.01, 1599.17, 0.26, 28.60, 78.35
12, 0.01, 1599.17, 0.26, 28.60, 78.38
12, 0.01, 1599.17, 0.26, 28.60, 78.45
12, 0.01, 1599.17, 0.26, 28.63, 78.41
12, 0.01, 1599.17, 0.26, 28.63, 78.44
12, 0.01, 1599.17, 0.26, 28.65, 78.41
12, 0.01, 1599.17, 0.26, 28.57, 78.48
12, 0.01, 1599.17, 0.26, 28.57, 78.57
12, 0.01, 1599.17, 0.26, 28.61, 78.52
12, 0.01, 1599.17, 0.26, 28.59, 78.50
12, 0.01, 1599.17, 0.26, 28.57, 78.56
12, 0.01, 1599.17, 0.26, 28.60, 78.53
12, 0.01, 1599.17, 0.26, 28.57, 78.59
12, 0.01, 1599.17, 0.26, 28.60, 78.56
12, 0.01, 1599.17, 0.26, 28.62, 78.56
12, 0.01, 1599.17, 0.26, 28.57, 78.57
12, 0.01, 1599.17, 0.26, 28.55, 78.58
12, 0.01, 1599.17, 0.26, 28.52, 78.68
12, 0.01, 1599.17, 0.26, 28.55, 78.64
12, 0.01, 1599.17, 0.26, 28.52, 78.68
12, 0.01, 1599.17, 0.26, 28.53, 78.67
12, 0.01, 1599.17, 0.26, 28.56, 78.61
12, 0.01, 1599.17, 0.26, 28.54, 78.59
12, 0.01, 1599.17, 0.26, 28.58, 78.55
12, 0.01, 1599.17, 0.26, 28.60, 78.50
12, 0.01, 1599.17, 0.26, 28.55, 78.50
12, 0.01, 1599.17, 0.26, 28.52, 78.59
12, 0.01, 1599.17, 0.26, 28.55, 78.62
12, 0.01, 1599.17, 0.26, 28.52, 78.68
12, 0.01, 1599.17, 0.26, 28.51, 78.72
12, 0.01, 1599.17, 0.26, 28.54, 78.74
12, 0.01, 1599.17, 0.26, 28.56, 78.73
12, 0.01, 1599.17, 0.26, 28.58, 78.68
12, 0.01, 1599.17, 0.26, 28.57, 78.61
12, 0.01, 1599.17, 0.26, 28.56, 78.55
12, 0.01, 1599.17, 0.26, 28.56, 78.58
12, 0.01, 1599.17, 0.26, 28.52, 78.58
12, 0.01, 1599.17, 0.26, 28.54, 78.61
12, 0.01, 1599.17, 0.26, 28.56, 78.58
12, 0.01, 1599.17, 0.26, 28.56, 78.49
12, 0.01, 1599.17, 0.26, 28.57, 78.45
12, 0.01, 1599.17, 0.26, 28.57, 78.46
12, 0.01, 1599.17, 0.26, 28.60, 78.43
12, 0.01, 1599.17, 0.26, 28.59, 78.38
12, 0.01, 1599.17, 0.26, 28.59, 78.38
12, 0.01, 1599.17, 0.26, 28.59, 78.43
12, 0.01, 1599.17, 0.26, 28.59, 78.37
12, 0.01, 1599.17, 0.26, 28.56, 78.41
12, 0.01, 1599.17, 0.26, 28.59, 78.37
12, 0.01, 1599.17, 0.26, 28.54, 78.46
12, 0.01, 1599.17, 0.26, 28.52, 78.48
12, 0.01, 1599.17, 0.26, 28.55, 78.47
12, 0.01, 1599.17, 0.26, 28.57, 78.44
12, 0.01, 1599.17, 0.26, 28.59, 78.40
12, 0.01, 1599.17, 0.26, 28.60, 78.37
12, 0.01, 1599.17, 0.26, 28.62, 78.31
12, 0.01, 1599.17, 0.26, 28.59, 78.31
12, 0.01, 1599.17, 0.26, 28.58, 78.32
12, 0.01, 1599.17, 0.26, 28.58, 78.33
12, 0.01, 1599.17, 0.26, 28.61, 78.29
12, 0.01, 1599.17, 0.26, 28.61, 78.24
12, 0.01, 1599.17, 0.26, 28.59, 78.23
12, 0.01, 1599.17, 0.26, 28.59, 78.28
12, 0.01, 1599.17, 0.26, 28.59, 78.25
12, 0.01, 1599.17, 0.26, 28.59, 78.25
12, 0.01, 1599.17, 0.26, 28.59, 78.25
12, 0.01, 1599.17, 0.26, 28.59, 78.26
12, 0.01, 1599.17, 0.26, 28.55, 78.34
12, 0.01, 1599.17, 0.26, 28.54, 78.32
12, 0.01, 1599.17, 0.26, 28.55, 78.38
12, 0.01, 1599.17, 0.26, 28.55, 78.36
12, 0.01, 1599.17, 0.26, 28.57, 78.36
12, 0.01, 1599.17, 0.26, 28.58, 78.31
12, 0.01, 1599.17, 0.26, 28.57, 78.29
12, 0.01, 1599.17, 0.26, 28.59, 78.33
12, 0.01, 1599.17, 0.26, 28.57, 78.32
12, 0.01, 1599.17, 0.26, 28.56, 78.32
12, 0.01, 1599.17, 0.26, 28.58, 78.28
12, 0.01, 1599.17, 0.26, 28.54, 78.31
12, 0.01, 1599.17, 0.26, 28.54, 78.32
12, 0.01, 1599.17, 0.26, 28.51, 78.38
12, 0.01, 1599.17, 0.26, 28.54, 78.38
12, 0.01, 1599.17, 0.26, 28.57, 78.29
12, 0.01, 1599.17, 0.26, 28.56, 78.29
12, 0.01, 1599.17, 0.26, 28.56, 78.31
12, 0.01, 1599.17, 0.26, 28.54, 78.37
12, 0.01, 1599.17, 0.26, 28.57, 78.38
12, 0.01, 1599.17, 0.26, 28.58, 78.32
12, 0.01, 1599.17, 0.26, 28.56, 78.35
12, 0.01, 1599.17, 0.26, 28.56, 78.40
12, 0.01, 1599.17, 0.26, 28.56, 78.39
12, 0.01, 1599.17, 0.26, 28.56, 78.36
12, 0.01, 1599.17, 0.26, 28.47, 78.44
12, 0.01, 1599.17, 0.26, 28.51, 78.50
12, 0.01, 1599.17, 0.26, 28.51, 78.49
12, 0.01, 1599.17, 0.26, 28.53, 78.51
12, 0.01, 1599.17, 0.26, 28.54, 78.49
12, 0.01, 1599.17, 0.26, 28.50, 78.51
12, 0.01, 1599.17, 0.26, 28.49, 78.55
12, 0.01, 1599.17, 0.26, 28.53, 78.54
12, 0.01, 1599.17, 0.26, 28.51, 78.53
12, 0.01, 1599.17, 0.26, 28.55, 78.48
12, 0.01, 1599.17, 0.26, 28.58, 78.42
12, 0.01, 1599.17, 0.26, 28.57, 78.42
12, 0.01, 1599.17, 0.26, 28.56, 78.41
12, 0.01, 1599.17, 0.26, 28.54, 78.42
12, 0.01, 1599.17, 0.26, 28.49, 78.52
12, 0.01, 1599.17, 0.26, 28.50, 78.53
12, 0.01, 1599.17, 0.26, 28.49, 78.52
12, 0.01, 1599.17, 0.26, 28.51, 78.47
12, 0.01, 1599.17, 0.26, 28.51, 78.45
12, 0.01, 1599.17, 0.26, 28.52, 78.39
12, 0.01, 1599.17, 0.26, 28.52, 78.38
12, 0.01, 1599.17, 0.26, 28.50, 78.39
12, 0.01, 1599.17, 0.26, 28.54, 78.37
12, 0.01, 1599.17, 0.26, 28.52, 78.36
12, 0.01, 1599.17, 0.26, 28.53, 78.36
12, 0.01, 1599.17, 0.26, 28.55, 78.39
12, 0.01, 1599.17, 0.26, 28.55, 78.35
12, 0.01, 1599.17, 0.26, 28.53, 78.40
12, 0.01, 1599.17, 0.26, 28.53, 78.38
12, 0.01, 1599.17, 0.26, 28.54, 78.32
12, 0.01, 1599.17, 0.26, 28.51, 78.43
12, 0.01, 1599.17, 0.26, 28.52, 78.40
12, 0.01, 1599.17, 0.26, 28.49, 78.43
12, 0.01, 1599.17, 0.26, 28.43, 78.51
12, 0.01, 1599.17, 0.26, 28.40, 78.59
12, 0.01, 1599.17, 0.26, 28.37, 78.68
12, 0.01, 1599.17, 0.26, 28.41, 78.68
12, 0.01, 1599.17, 0.26, 28.44, 78.60
12, 0.01, 1599.17, 0.26, 28.45, 78.58
12, 0.01, 1599.17, 0.26, 28.49, 78.50
12, 0.01, 1599.17, 0.26, 28.49, 78.45
12, 0.01, 1599.17, 0.26, 28.52, 78.40
12, 0.01, 1599.17, 0.26, 28.47, 78.39
12, 0.01, 1599.17, 0.26, 28.49, 78.35
12, 0.01, 1599.17, 0.26, 28.42, 78.41
12, 0.01, 1599.17, 0.26, 28.45, 78.41
12, 0.01, 1599.17, 0.26, 28.49, 78.33
12, 0.01, 1599.17, 0.26, 28.52, 78.27
12, 0.01, 1599.17, 0.26, 28.52, 78.22
12, 0.01, 1599.17, 0.26, 28.44, 78.29
12, 0.01, 1599.17, 0.26, 28.49, 78.28
12, 0.01, 1599.17, 0.26, 28.48, 78.29
12, 0.01, 1599.17, 0.26, 28.48, 78.24
12, 0.01, 1599.17, 0.26, 28.48, 78.23
12, 0.01, 1599.17, 0.26, 28.48, 78.16
12, 0.01, 1599.17, 0.26, 28.49, 78.15
12, 0.01, 1599.17, 0.26, 28.50, 78.12
12, 0.01, 1599.17, 0.26, 28.51, 78.14
12, 0.01, 1599.17, 0.26, 28.49, 78.08
12, 0.01, 1599.17, 0.26, 28.46, 78.16
12, 0.01, 1599.17, 0.26, 28.44, 78.13
12, 0.01, 1599.17, 0.26, 28.44, 78.13
12, 0.01, 1599.17, 0.26, 28.45, 78.17
12, 0.01, 1599.17, 0.26, 28.45, 78.13
12, 0.01, 1599.17, 0.26, 28.39, 78.21
12, 0.01, 1599.17, 0.26, 28.42, 78.17
12, 0.01, 1599.17, 0.26, 28.41, 78.13
12, 0.01, 1599.17, 0.26, 28.45, 78.12
12, 0.01, 1599.17, 0.26, 28.43, 78.10
12, 0.01, 1599.17, 0.26, 28.39, 78.16
12, 0.01, 1599.17, 0.26, 28.39, 78.19
12, 0.01, 1599.17, 0.26, 28.37, 78.22
12, 0.01, 1599.17, 0.26, 28.38, 78.26
12, 0.01, 1599.17, 0.26, 28.41, 78.21
12, 0.01, 1599.17, 0.26, 28.41, 78.15
12, 0.01, 1599.17, 0.26, 28.39, 78.19
12, 0.01, 1599.17, 0.26, 28.36, 78.19
12, 0.01, 1599.17, 0.26, 28.39, 78.20
12, 0.01, 1599.17, 0.26, 28.39, 78.18
12, 0.01, 1599.17, 0.26, 28.39, 78.11
12, 0.01, 1599.17, 0.26, 28.42, 78.12
12, 0.01, 1599.17, 0.26, 28.39, 78.13
12, 0.01, 1599.17, 0.26, 28.41, 78.13
12, 0.01, 1599.17, 0.26, 28.42, 78.12
12, 0.01, 1599.17, 0.26, 28.37, 78.15
12, 0.01, 1599.17, 0.26, 28.36, 78.16
12, 0.01, 1599.17, 0.26, 28.33, 78.21
12, 0.01, 1599.17, 0.26, 28.30, 78.28
12, 0.01, 1599.17, 0.26, 28.29, 78.30
12, 0.01, 1599.17, 0.26, 28.34, 78.28
12, 0.01, 1599.17, 0.26, 28.33, 78.25
12, 0.01, 1599.17, 0.26, 28.37, 78.17
12, 0.01, 1599.17, 0.26, 28.38, 78.15
12, 0.01, 1599.17, 0.26, 28.36, 78.14
12, 0.01, 1599.17, 0.26, 28.37, 78.11
12, 0.01, 1599.17, 0.26, 28.32, 78.17
12, 0.01, 1599.17, 0.26, 28.33, 78.17
12, 0.01, 1599.17, 0.26, 28.35, 78.14
12, 0.01, 1599.17, 0.26, 28.34, 78.10
12, 0.01, 1599.17, 0.26, 28.32, 78.12
12, 0.01, 1599.17, 0.26, 28.32, 78.13
12, 0.01, 1599.17, 0.26, 28.35, 78.10
12, 0.01, 1599.17, 0.26, 28.37, 78.05
12, 0.01, 1599.17, 0.26, 28.35, 78.03
12, 0.01, 1599.17, 0.26, 28.36, 78.00
12, 0.01, 1599.17, 0.26, 28.35, 78.01
12, 0.01, 1599.17, 0.26, 28.38, 78.01
12, 0.01, 1599.17, 0.26, 28.35, 78.00
12, 0.01, 1599.17, 0.26, 28.37, 77.98
12, 0.01, 1599.17, 0.26, 28.32, 78.07
12, 0.01, 1599.17, 0.26, 28.28, 78.14
12, 0.01, 1599.17, 0.26, 28.31, 78.14
12, 0.01, 1599.17, 0.26, 28.33, 78.06
12, 0.01, 1599.17, 0.26, 28.32, 78.05
12, 0.01, 1599.17, 0.26, 28.33, 78.07
12, 0.01, 1599.17, 0.26, 28.34, 78.04
12, 0.01, 1599.17, 0.26, 28.36, 78.00
12, 0.01, 1599.17, 0.26, 28.35, 77.96
12, 0.01, 1599.17, 0.26, 28.28, 78.05
12, 0.01, 1599.17, 0.26, 28.31, 78.06
12, 0.01, 1599.17, 0.26, 28.32, 77.98
12, 0.01, 1599.17, 0.26, 28.27, 78.03
12, 0.01, 1599.17, 0.26, 28.23, 77.98
12, 0.01, 1599.17, 0.26, 28.21, 78.03
12, 0.01, 1599.17, 0.26, 28.24, 77.98
12, 0.01, 1599.17, 0.26, 28.28, 77.86
12, 0.01, 1599.17, 0.26, 28.23, 77.82
12, 0.01, 1599.17, 0.26, 28.24, 77.79
12, 0.01, 1599.17, 0.26, 28.23, 77.73
12, 0.01, 1599.17, 0.26, 28.26, 77.67
12, 0.01, 1599.17, 0.26, 28.23, 77.56
12, 0.01, 1599.17, 0.26, 28.24, 77.60
12, 0.01, 1599.17, 0.26, 28.28, 77.48
12, 0.01, 1599.17, 0.26, 28.33, 77.38
12, 0.01, 1599.17, 0.26, 28.29, 77.30
12, 0.01, 1599.17, 0.26, 28.25, 77.31
12, 0.01, 1599.17, 0.26, 28.26, 77.29
12, 0.01, 1599.17, 0.26, 28.31, 77.20
12, 0.01, 1599.17, 0.26, 28.36, 77.11
12, 0.01, 1599.17, 0.26, 28.34, 77.02
12, 0.01, 1599.17, 0.26, 28.29, 77.01
12, 0.01, 1599.17, 0.26, 28.25, 77.06
12, 0.01, 1599.17, 0.26, 28.27, 77.04
12, 0.01, 1599.17, 0.26, 28.29, 77.00
12, 0.01, 1599.17, 0.26, 28.31, 76.92
12, 0.01, 1599.17, 0.26, 28.35, 76.90
12, 0.01, 1599.17, 0.26, 28.29, 76.90
12, 0.01, 1599.17, 0.26, 28.30, 76.95
12, 0.01, 1599.17, 0.26, 28.30, 76.91
12, 0.01, 1599.17, 0.26, 28.32, 76.84
12, 0.01, 1599.17, 0.26, 28.29, 76.83
12, 0.01, 1599.17, 0.26, 28.27, 76.87
12, 0.01, 1599.17, 0.26, 28.29, 76.90
12, 0.01, 1599.17, 0.26, 28.29, 76.81
12, 0.01, 1599.17, 0.26, 28.30, 76.77
12, 0.01, 1599.17, 0.26, 28.28, 76.76
12, 0.01, 1599.17, 0.26, 28.25, 76.77
12, 0.01, 1599.17, 0.26, 28.28, 76.75
12, 0.01, 1599.17, 0.26, 28.31, 76.71
12, 0.01, 1599.17, 0.26, 28.33, 76.65
12, 0.01, 1599.17, 0.26, 28.36, 76.61
12, 0.01, 1599.17, 0.26, 28.36, 76.55
12, 0.01, 1599.17, 0.26, 28.35, 76.53
12, 0.01, 1599.17, 0.26, 28.35, 76.54
12, 0.01, 1599.17, 0.26, 28.33, 76.51
12, 0.01, 1599.17, 0.26, 28.28, 76.58
12, 0.01, 1599.17, 0.26, 28.31, 76.57
12, 0.01, 1599.17, 0.26, 28.31, 76.52
12, 0.01, 1599.17, 0.26, 28.31, 76.49
12, 0.01, 1599.17, 0.26, 28.33, 76.50
12, 0.01, 1599.17, 0.26, 28.32, 76.44
12, 0.01, 1599.17, 0.26, 28.31, 76.45
12, 0.01, 1599.17, 0.26, 28.26, 76.49
12, 0.01, 1599.17, 0.26, 28.25, 76.52
12, 0.01, 1599.17, 0.26, 28.23, 76.56
12, 0.01, 1599.17, 0.26, 28.24, 76.60
12, 0.01, 1599.17, 0.26, 28.24, 76.54
12, 0.01, 1599.17, 0.26, 28.29, 76.49
12, 0.01, 1599.17, 0.26, 28.25, 76.46
12, 0.01, 1599.17, 0.26, 28.26, 76.45
12, 0.01, 1599.17, 0.26, 28.30, 76.43
12, 0.01, 1599.17, 0.26, 28.31, 76.39
12, 0.01, 1599.17, 0.26, 28.29, 76.29
12, 0.01, 1599.17, 0.26, 28.26, 76.32
12, 0.01, 1599.17, 0.26, 28.21, 76.41
12, 0.01, 1599.17, 0.26, 28.22, 76.41
12, 0.01, 1599.17, 0.26, 28.25, 76.39
12, 0.01, 1599.17, 0.26, 28.25, 76.39
12, 0.01, 1599.17, 0.26, 28.19, 76.39
12, 0.01, 1599.17, 0.26, 28.24, 76.37
12, 0.01, 1599.17, 0.26, 28.23, 76.38
12, 0.01, 1599.17, 0.26, 28.24, 76.32
12, 0.01, 1599.17, 0.26, 28.22, 76.32
12, 0.01, 1599.17, 0.26, 28.23, 76.32
12, 0.01, 1599.17, 0.26, 28.21, 76.29
12, 0.01, 1599.17, 0.26, 28.16, 76.34
12, 0.01, 1599.17, 0.26, 28.16, 76.38
12, 0.01, 1599.17, 0.26, 28.20, 76.35
12, 0.01, 1599.17, 0.26, 28.22, 76.33
12, 0.01, 1599.17, 0.26, 28.22, 76.29
12, 0.01, 1599.17, 0.26, 28.15, 76.29
12, 0.01, 1599.17, 0.26, 28.19, 76.35
12, 0.01, 1599.17, 0.26, 28.15, 76.30
12, 0.01, 1599.17, 0.26, 28.20, 76.26
12, 0.01, 1599.17, 0.26, 28.18, 76.27
12, 0.01, 1599.17, 0.26, 28.16, 76.28
12, 0.01, 1599.17, 0.26, 28.19, 76.25
12, 0.01, 1599.17, 0.26, 28.15, 76.22
12, 0.01, 1599.17, 0.26, 28.14, 76.22
12, 0.01, 1599.17, 0.26, 28.17, 76.23
12, 0.01, 1599.17, 0.26, 28.18, 76.21
12, 0.01, 1599.17, 0.26, 28.17, 76.18
12, 0.01, 1599.17, 0.26, 28.20, 76.14
12, 0.01, 1599.17, 0.26, 28.22, 76.09
12, 0.01, 1599.17, 0.26, 28.18, 76.07
12, 0.01, 1599.17, 0.26, 28.14, 76.10
12, 0.01, 1599.17, 0.26, 28.16, 76.13
12, 0.01, 1599.17, 0.26, 28.22, 76.08
12, 0.01, 1599.17, 0.26, 28.17, 76.05
12, 0.01, 1599.17, 0.26, 28.19, 76.02
12, 0.01, 1599.17, 0.26, 28.21, 75.99
12, 0.01, 1599.17, 0.26, 28.24, 75.91
12, 0.01, 1599.17, 0.26, 28.23, 75.87
12, 0.01, 1599.17, 0.26, 28.26, 75.87
12, 0.01, 1599.17, 0.26, 28.18, 75.92
12, 0.01, 1599.17, 0.26, 28.23, 75.90
12, 0.01, 1599.17, 0.26, 28.24, 75.81
12, 0.01, 1599.17, 0.26, 28.23, 75.79
12, 0.01, 1599.17, 0.26, 28.20, 75.76
12, 0.01, 1599.17, 0.26, 28.18, 75.79
12, 0.01, 1599.17, 0.26, 28.16, 75.86
12, 0.01, 1599.17, 0.26, 28.13, 75.88
12, 0.01, 1599.17, 0.26, 28.17, 75.86
12, 0.01, 1599.17, 0.26, 28.18, 75.80
12, 0.01, 1599.17, 0.26, 28.12, 75.81
12, 0.01, 1599.17, 0.26, 28.12, 75.86
12, 0.01, 1599.17, 0.26, 28.14, 75.79
12, 0.01, 1599.17, 0.26, 28.17, 75.74
12, 0.01, 1599.17, 0.26, 28.14, 75.73
12, 0.01, 1599.17, 0.26, 28.15, 75.73
12, 0.01, 1599.17, 0.26, 28.15, 75.71
12, 0.01, 1599.17, 0.26, 28.14, 75.68
12, 0.01, 1599.17, 0.26, 28.13, 75.70
12, 0.01, 1599.17, 0.26, 28.11, 75.73
12, 0.01, 1599.17, 0.26, 28.12, 75.68
12, 0.01, 1599.17, 0.26, 28.08, 75.63
12, 0.01, 1599.17, 0.26, 28.06, 75.69
12, 0.01, 1599.17, 0.26, 28.11, 75.67
12, 0.01, 1599.17, 0.26, 28.09, 75.65
12, 0.01, 1599.17, 0.26, 28.12, 75.61
12, 0.01, 1599.17, 0.26, 28.11, 75.62
12, 0.01, 1599.17, 0.26, 28.15, 75.59
12, 0.01, 1599.17, 0.26, 28.13, 75.53
12, 0.01, 1599.17, 0.26, 28.10, 75.56
12, 0.01, 1599.17, 0.26, 28.15, 75.56
12, 0.01, 1599.17, 0.26, 28.13, 75.54
12, 0.01, 1599.17, 0.26, 28.14, 75.53
12, 0.01, 1599.17, 0.26, 28.09, 75.58
12, 0.01, 1599.17, 0.26, 28.08, 75.58
12, 0.01, 1599.17, 0.26, 28.10, 75.57
12, 0.01, 1599.17, 0.26, 28.05, 75.58
12, 0.01, 1599.17, 0.26, 28.04, 75.64
12, 0.01, 1599.17, 0.26, 28.00, 75.65
12, 0.01, 1599.17, 0.26, 28.02, 75.67
12, 0.01, 1599.17, 0.26, 28.04, 75.66
12, 0.01, 1599.17, 0.26, 28.06, 75.59
12, 0.01, 1599.17, 0.26, 28.04, 75.60
12, 0.01, 1599.17, 0.26, 28.10, 75.60
12, 0.01, 1599.17, 0.26, 28.11, 75.54
12, 0.01, 1599.17, 0.26, 28.07, 75.51
12, 0.01, 1599.17, 0.26, 28.06, 75.57
12, 0.01, 1599.17, 0.26, 28.06, 75.57
12, 0.01, 1599.17, 0.26, 28.09, 75.50
12, 0.01, 1599.17, 0.26, 28.08, 75.51
12, 0.01, 1599.17, 0.26, 28.10, 75.45
12, 0.01, 1599.17, 0.26, 28.10, 75.42
12, 0.01, 1599.17, 0.26, 28.07, 75.48
12, 0.01, 1599.17, 0.26, 28.04, 75.51
12, 0.01, 1599.17, 0.26, 28.06, 75.52
12, 0.01, 1599.17, 0.26, 28.01, 75.54
12, 0.01, 1599.17, 0.26, 28.04, 75.58
12, 0.01, 1599.17, 0.26, 27.99, 75.56
12, 0.01, 1599.17, 0.26, 28.01, 75.58
12, 0.01, 1599.17, 0.26, 28.00, 75.61
12, 0.01, 1599.17, 0.26, 27.98, 75.62
12, 0.01, 1599.17, 0.26, 28.00, 75.57
12, 0.01, 1599.17, 0.26, 27.97, 75.56
12, 0.01, 1599.17, 0.26, 27.99, 75.56
12, 0.01, 1599.17, 0.26, 27.97, 75.58
12, 0.01, 1599.17, 0.26, 27.96, 75.58
12, 0.01, 1599.17, 0.26, 27.98, 75.57
12, 0.01, 1599.17, 0.26, 28.01, 75.58
12, 0.01, 1599.17, 0.26, 27.97, 75.52
12, 0.01, 1599.17, 0.26, 27.96, 75.55
12, 0.01, 1599.17, 0.26, 28.00, 75.54
12, 0.01, 1599.17, 0.26, 28.00, 75.51
12, 0.01, 1599.17, 0.26, 27.99, 75.46
12, 0.01, 1599.17, 0.26, 27.99, 75.44
12, 0.01, 1599.17, 0.26, 27.97, 75.48
12, 0.01, 1599.17, 0.26, 27.93, 75.46
12, 0.01, 1599.17, 0.26, 27.92, 75.56
12, 0.01, 1599.17, 0.26, 27.93, 75.53
12, 0.01, 1599.17, 0.26, 27.93, 75.54
12, 0.01, 1599.17, 0.26, 27.91, 75.57
12, 0.01, 1599.17, 0.26, 27.94, 75.52
12, 0.01, 1599.17, 0.26, 27.93, 75.53
12, 0.01, 1599.17, 0.26, 27.91, 75.54
12, 0.01, 1599.17, 0.26, 27.96, 75.51
12, 0.01, 1599.17, 0.26, 27.96, 75.45
12, 0.01, 1599.17, 0.26, 27.92, 75.48
12, 0.01, 1599.17, 0.26, 27.93, 75.47
12, 0.01, 1599.17, 0.26, 27.91, 75.54
12, 0.01, 1599.17, 0.26, 27.87, 75.60
12, 0.01, 1599.17, 0.26, 27.94, 75.52
12, 0.01, 1599.17, 0.26, 27.97, 75.45
12, 0.01, 1599.17, 0.26, 27.87, 75.44
12, 0.01, 1599.17, 0.26, 27.90, 75.47
12, 0.01, 1599.17, 0.26, 27.87, 75.49
12, 0.01, 1599.17, 0.26, 27.87, 75.53
12, 0.01, 1599.17, 0.26, 27.88, 75.52
12, 0.01, 1599.17, 0.26, 27.90, 75.48
12, 0.01, 1599.17, 0.26, 27.88, 75.45
12, 0.01, 1599.17, 0.26, 27.86, 75.46
12, 0.01, 1599.17, 0.26, 27.85, 75.48
12, 0.01, 1599.17, 0.26, 27.84, 75.49
12, 0.01, 1599.17, 0.26, 27.84, 75.48
12, 0.01, 1599.17, 0.26, 27.80, 75.50
12, 0.01, 1599.17, 0.26, 27.83, 75.53
12, 0.01, 1599.17, 0.26, 27.80, 75.51
12, 0.01, 1599.17, 0.26, 27.81, 75.49
12, 0.01, 1599.17, 0.26, 27.82, 75.50
12, 0.01, 1599.17, 0.26, 27.85, 75.49
12, 0.01, 1599.17, 0.26, 27.77, 75.44
12, 0.01, 1599.17, 0.26, 27.81, 75.47
12, 0.01, 1599.17, 0.26, 27.78, 75.43
12, 0.01, 1599.17, 0.26, 27.81, 75.41
12, 0.01, 1599.17, 0.26, 27.78, 75.37
12, 0.01, 1599.17, 0.26, 27.79, 75.43
12, 0.01, 1599.17, 0.26, 27.77, 75.43
12, 0.01, 1599.17, 0.26, 27.77, 75.46
12, 0.01, 1599.17, 0.26, 27.74, 75.44
12, 0.01, 1599.17, 0.26, 27.74, 75.45
12, 0.01, 1599.17, 0.26, 27.74, 75.46
12, 0.01, 1599.17, 0.26, 27.73, 75.44
12, 0.01, 1599.17, 0.26, 27.80, 75.43
12, 0.01, 1599.17, 0.26, 27.85, 75.39
12, 0.01, 1599.17, 0.26, 27.86, 75.31
12, 0.01, 1599.17, 0.26, 27.86, 75.31
12, 0.01, 1599.17, 0.26, 27.88, 75.28
12, 0.01, 1599.17, 0.26, 27.92, 75.26
12, 0.01, 1599.17, 0.26, 27.93, 75.20
12, 0.01, 1599.17, 0.26, 27.96, 75.20
12, 0.01, 1599.17, 0.26, 27.97, 75.18
12, 0.01, 1599.17, 0.26, 28.00, 75.16
12, 0.01, 1599.17, 0.26, 27.99, 75.15
12, 0.01, 1599.17, 0.26, 28.04, 75.17
12, 0.01, 1599.17, 0.26, 28.03, 75.17
12, 0.01, 1599.17, 0.26, 28.04, 75.16
12, 0.01, 1599.17, 0.26, 28.05, 75.14
12, 0.01, 1599.17, 0.26, 28.08, 75.17
12, 0.01, 1599.17, 0.26, 28.08, 75.12
12, 0.01, 1599.17, 0.26, 28.09, 75.15
12, 0.01, 1599.17, 0.26, 28.09, 75.20
12, 0.01, 1599.17, 0.26, 28.11, 75.24
12, 0.01, 1599.17, 0.26, 28.12, 75.23
12, 0.01, 1599.17, 0.26, 28.13, 75.25
12, 0.01, 1599.17, 0.26, 28.12, 75.23
12, 0.01, 1599.17, 0.26, 28.13, 75.30
12, 0.01, 1599.17, 0.26, 28.13, 75.28
12, 0.01, 1599.17, 0.26, 28.15, 75.25
12, 0.01, 1599.17, 0.26, 28.15, 75.32
12, 0.01, 1599.17, 0.26, 28.17, 75.30
12, 0.01, 1599.17, 0.26, 28.17, 75.29
12, 0.01, 1599.17, 0.26, 28.19, 75.27
12, 0.01, 1599.17, 0.26, 28.20, 75.27
12, 0.01, 1599.17, 0.26, 28.21, 75.33
12, 0.01, 1599.17, 0.26, 28.21, 75.28
12, 0.01, 1599.17, 0.26, 28.22, 75.28
12, 0.01, 1599.17, 0.26, 28.23, 75.27
12, 0.01, 1599.17, 0.26, 28.23, 75.31
12, 0.01, 1599.17, 0.26, 28.22, 75.31
12, 0.01, 1599.17, 0.26, 28.24, 75.35
12, 0.01, 1599.17, 0.26, 28.23, 75.34
12, 0.01, 1599.17, 0.26, 28.23, 75.31
12, 0.01, 1599.17, 0.26, 28.26, 75.34
12, 0.01, 1599.17, 0.26, 28.25, 75.40
12, 0.01, 1599.17, 0.26, 28.27, 75.40
12, 0.01, 1599.17, 0.26, 28.27, 75.36
12, 0.01, 1599.17, 0.26, 28.27, 75.38
12, 0.01, 1599.17, 0.26, 28.28, 75.40
12, 0.01, 1599.17, 0.26, 28.27, 75.43
12, 0.01, 1599.17, 0.26, 28.28, 75.41
12, 0.01, 1599.17, 0.26, 28.28, 75.41
12, 0.01, 1599.17, 0.26, 28.28, 75.46
12, 0.01, 1599.17, 0.26, 28.29, 75.41
12, 0.01, 1599.17, 0.26, 28.29, 75.44
12, 0.01, 1599.17, 0.26, 28.30, 75.48
12, 0.01, 1599.17, 0.26, 28.30, 75.47
12, 0.01, 1599.17, 0.26, 28.30, 75.51
12, 0.01, 1599.17, 0.26, 28.30, 75.58
12, 0.01, 1599.17, 0.26, 28.31, 75.50
12, 0.01, 1599.17, 0.26, 28.31, 75.54
12, 0.01, 1599.17, 0.26, 28.32, 75.50
12, 0.01, 1599.17, 0.26, 28.31, 75.56
12, 0.01, 1599.17, 0.26, 28.33, 75.56
12, 0.01, 1599.17, 0.26, 28.32, 75.58
12, 0.01, 1599.17, 0.26, 28.31, 75.60
12, 0.01, 1599.17, 0.26, 28.32, 75.60
12, 0.01, 1599.17, 0.26, 28.33, 75.63
12, 0.01, 1599.17, 0.26, 28.34, 75.66
12, 0.01, 1599.17, 0.26, 28.34, 75.69
12, 0.01, 1599.17, 0.26, 28.33, 75.65
12, 0.01, 1599.17, 0.26, 28.33, 75.67
12, 0.01, 1599.17, 0.26, 28.32, 75.67
12, 0.01, 1599.17, 0.26, 28.33, 75.67
12, 0.01, 1599.17, 0.26, 28.34, 75.68
12, 0.01, 1599.17, 0.26, 28.32, 75.74
12, 0.01, 1599.17, 0.26, 28.33, 75.78
12, 0.01, 1599.17, 0.26, 28.34, 75.74
12, 0.01, 1599.17, 0.26, 28.35, 75.73
12, 0.01, 1599.17, 0.26, 28.34, 75.77
12, 0.01, 1599.17, 0.26, 28.34, 75.81
12, 0.01, 1599.17, 0.26, 28.34, 75.82
12, 0.01, 1599.17, 0.26, 28.33, 75.86
12, 0.01, 1599.17, 0.26, 28.34, 75.82
12, 0.01, 1599.17, 0.26, 28.34, 75.86
12, 0.01, 1599.17, 0.26, 28.33, 75.92
12, 0.01, 1599.17, 0.26, 28.33, 75.93
12, 0.01, 1599.17, 0.26, 28.33, 75.95
12, 0.01, 1599.17, 0.26, 28.35, 75.94
12, 0.01, 1599.17, 0.26, 28.34, 75.94
12, 0.01, 1599.17, 0.26, 28.33, 75.95
12, 0.01, 1599.17, 0.26, 28.33, 75.97
12, 0.01, 1599.17, 0.26, 28.32, 76.01
12, 0.01, 1599.17, 0.26, 28.33, 76.03
12, 0.01, 1599.17, 0.26, 28.34, 75.98
12, 0.01, 1599.17, 0.26, 28.34, 76.04
12, 0.01, 1599.17, 0.26, 28.34, 76.07
12, 0.01, 1599.17, 0.26, 28.35, 76.11
12, 0.01, 1599.17, 0.26, 28.35, 76.06
12, 0.01, 1599.17, 0.26, 28.34, 76.09
12, 0.01, 1599.17, 0.26, 28.36, 76.08
12, 0.01, 1599.17, 0.26, 28.35, 76.07
12, 0.01, 1599.17, 0.26, 28.35, 76.09
12, 0.01, 1599.17, 0.26, 28.35, 76.12
12, 0.01, 1599.17, 0.26, 28.35, 76.11
12, 0.01, 1599.17, 0.26, 28.36, 76.13
12, 0.01, 1599.17, 0.26, 28.35, 76.16
12, 0.01, 1599.17, 0.26, 28.35, 76.19
12, 0.01, 1599.17, 0.26, 28.35, 76.22
12, 0.01, 1599.17, 0.26, 28.35, 76.20
12, 0.01, 1599.17, 0.26, 28.35, 76.20
12, 0.01, 1599.17, 0.26, 28.36, 76.24
12, 0.01, 1599.17, 0.26, 28.35, 76.24
12, 0.01, 1599.17, 0.26, 28.35, 76.21
12, 0.01, 1599.17, 0.26, 28.34, 76.26
12, 0.01, 1599.17, 0.26, 28.34, 76.24
12, 0.01, 1599.17, 0.26, 28.34, 76.26
12, 0.01, 1599.17, 0.26, 28.34, 76.28
12, 0.01, 1599.17, 0.26, 28.33, 76.34
12, 0.01, 1599.17, 0.26, 28.33, 76.34
12, 0.01, 1599.17, 0.26, 28.34, 76.37
12, 0.01, 1599.17, 0.26, 28.35, 76.35
12, 0.01, 1599.17, 0.26, 28.34, 76.39
12, 0.01, 1599.17, 0.26, 28.36, 76.37
12, 0.01, 1599.17, 0.26, 28.34, 76.39
12, 0.01, 1599.17, 0.26, 28.36, 76.39
12, 0.01, 1599.17, 0.26, 28.34, 76.42
12, 0.01, 1599.17, 0.26, 28.34, 76.42
12, 0.01, 1599.17, 0.26, 28.35, 76.45
12, 0.01, 1599.17, 0.26, 28.34, 76.47
12, 0.01, 1599.17, 0.26, 28.34, 76.47
12, 0.01, 1599.17, 0.26, 28.34, 76.50
12, 0.01, 1599.17, 0.26, 28.34, 76.52
12, 0.01, 1599.17, 0.26, 28.36, 76.48
12, 0.01, 1599.17, 0.26, 28.35, 76.49
12, 0.01, 1599.17, 0.26, 28.35, 76.54
12, 0.01, 1599.17, 0.26, 28.33, 76.58
12, 0.01, 1599.17, 0.26, 28.35, 76.61
12, 0.01, 1599.17, 0.26, 28.35, 76.57
12, 0.01, 1599.17, 0.26, 28.33, 76.58
12, 0.01, 1599.17, 0.26, 28.33, 76.62
12, 0.01, 1599.17, 0.26, 28.33, 76.60
12, 0.01, 1599.17, 0.26, 28.33, 76.64
12, 0.01, 1599.17, 0.26, 28.35, 76.63
12, 0.01, 1599.17, 0.26, 28.35, 76.66
12, 0.01, 1599.17, 0.26, 28.34, 76.63
12, 0.01, 1599.17, 0.26, 28.34, 76.68
12, 0.01, 1599.17, 0.26, 28.34, 76.68
12, 0.01, 1599.17, 0.26, 28.35, 76.70
12, 0.01, 1599.17, 0.26, 28.34, 76.70
12, 0.01, 1599.17, 0.26, 28.35, 76.70
12, 0.01, 1599.17, 0.26, 28.34, 76.72
12, 0.01, 1599.17, 0.26, 28.34, 76.75
12, 0.01, 1599.17, 0.26, 28.34, 76.77
12, 0.01, 1599.17, 0.26, 28.32, 76.79
12, 0.01, 1599.17, 0.26, 28.33, 76.79
12, 0.01, 1599.17, 0.26, 28.32, 76.84
12, 0.01, 1599.17, 0.26, 28.33, 76.85
12, 0.01, 1599.17, 0.26, 28.34, 76.81
12, 0.01, 1599.17, 0.26, 28.34, 76.86
12, 0.01, 1599.17, 0.26, 28.33, 76.86
12, 0.01, 1599.17, 0.26, 28.31, 76.90
12, 0.01, 1599.17, 0.26, 28.33, 76.92
12, 0.01, 1599.17, 0.26, 28.32, 76.95
12, 0.01, 1599.17, 0.26, 28.33, 76.92
12, 0.01, 1599.17, 0.26, 28.33, 76.93
12, 0.01, 1599.17, 0.26, 28.34, 76.93
12, 0.01, 1599.17, 0.26, 28.36, 76.93
12, 0.01, 1599.17, 0.26, 28.35, 76.94
12, 0.01, 1599.17, 0.26, 28.34, 76.91
12, 0.01, 1599.17, 0.26, 28.34, 76.92
12, 0.01, 1599.17, 0.26, 28.35, 76.95
12, 0.01, 1599.17, 0.26, 28.36, 76.96
12, 0.01, 1599.17, 0.26, 28.34, 76.98
12, 0.01, 1599.17, 0.26, 28.34, 76.98
12, 0.01, 1599.17, 0.26, 28.34, 76.99
12, 0.01, 1599.17, 0.26, 28.33, 77.00
12, 0.01, 1599.17, 0.26, 28.33, 77.06
12, 0.01, 1599.17, 0.26, 28.33, 77.07
12, 0.01, 1599.17, 0.26, 28.34, 77.09
12, 0.01, 1599.17, 0.26, 28.36, 77.02
12, 0.01, 1599.17, 0.26, 28.34, 77.04
12, 0.01, 1599.17, 0.26, 28.33, 77.09
12, 0.01, 1599.17, 0.26, 28.32, 77.13
12, 0.01, 1599.17, 0.26, 28.33, 77.11
12, 0.01, 1599.17, 0.26, 28.32, 77.13
12, 0.01, 1599.17, 0.26, 28.32, 77.17
12, 0.01, 1599.17, 0.26, 28.30, 77.19
12, 0.01, 1599.17, 0.26, 28.30, 77.21
12, 0.01, 1599.17, 0.26, 28.32, 77.22
12, 0.01, 1599.17, 0.26, 28.31, 77.21
12, 0.01, 1599.17, 0.26, 28.29, 77.24
12, 0.01, 1599.17, 0.26, 28.29, 77.27
12, 0.01, 1599.17, 0.26, 28.30, 77.27
12, 0.01, 1599.17, 0.26, 28.31, 77.27
12, 0.01, 1599.17, 0.26, 28.30, 77.29
12, 0.01, 1599.17, 0.26, 28.30, 77.28
12, 0.01, 1599.17, 0.26, 28.30, 77.29
12, 0.01, 1599.17, 0.26, 28.31, 77.32
12, 0.01, 1599.17, 0.26, 28.30, 77.31
12, 0.01, 1599.17, 0.26, 28.30, 77.33
12, 0.01, 1599.17, 0.26, 28.32, 77.32
12, 0.01, 1599.17, 0.26, 28.30, 77.34
12, 0.01, 1599.17, 0.26, 28.30, 77.36
12, 0.01, 1599.17, 0.26, 28.28, 77.35
12, 0.01, 1599.17, 0.26, 28.30, 77.36
12, 0.01, 1599.17, 0.26, 28.29, 77.41
12, 0.01, 1599.17, 0.26, 28.30, 77.41
12, 0.01, 1599.17, 0.26, 28.28, 77.42
12, 0.01, 1599.17, 0.26, 28.26, 77.45
12, 0.01, 1599.17, 0.26, 28.29, 77.49
12, 0.01, 1599.17, 0.26, 28.29, 77.50
12, 0.01, 1599.17, 0.26, 28.28, 77.51
12, 0.01, 1599.17, 0.26, 28.27, 77.51
12, 0.01, 1599.17, 0.26, 28.29, 77.52
12, 0.01, 1599.17, 0.26, 28.29, 77.53
12, 0.01, 1599.17, 0.26, 28.27, 77.54
12, 0.01, 1599.17, 0.26, 28.27, 77.55
12, 0.01, 1599.17, 0.26, 28.28, 77.53
12, 0.01, 1599.17, 0.26, 28.25, 77.57
12, 0.01, 1599.17, 0.26, 28.27, 77.61
12, 0.01, 1599.17, 0.26, 28.25, 77.61
12, 0.01, 1599.17, 0.26, 28.26, 77.63
12, 0.01, 1599.17, 0.26, 28.25, 77.66
12, 0.01, 1599.17, 0.26, 28.26, 77.66
12, 0.01, 1599.17, 0.26, 28.27, 77.64
12, 0.01, 1599.17, 0.26, 28.27, 77.67
12, 0.01, 1599.17, 0.26, 28.29, 77.65
12, 0.01, 1599.17, 0.26, 28.31, 77.61
12, 0.01, 1599.17, 0.26, 28.30, 77.58
12, 0.01, 1599.17, 0.26, 28.28, 77.64
12, 0.01, 1599.17, 0.26, 28.28, 77.63
12, 0.01, 1599.17, 0.26, 28.27, 77.69
12, 0.01, 1599.17, 0.26, 28.27, 77.69
12, 0.01, 1599.17, 0.26, 28.26, 77.71
12, 0.01, 1599.17, 0.26, 28.29, 77.70
12, 0.01, 1599.17, 0.26, 28.26, 77.74
12, 0.01, 1599.17, 0.26, 28.27, 77.70
12, 0.01, 1599.17, 0.26, 28.27, 77.75
12, 0.01, 1599.17, 0.26, 28.25, 77.76
12, 0.01, 1599.17, 0.26, 28.24, 77.82
12, 0.01, 1599.17, 0.26, 28.23, 77.84
12, 0.01, 1599.17, 0.26, 28.26, 77.84
12, 0.01, 1599.17, 0.26, 28.28, 77.81
12, 0.01, 1599.17, 0.26, 28.27, 77.82
12, 0.01, 1599.17, 0.26, 28.25, 77.84
12, 0.01, 1599.17, 0.26, 28.25, 77.88
12, 0.01, 1599.17, 0.26, 28.26, 77.84
12, 0.01, 1599.17, 0.26, 28.25, 77.88
12, 0.01, 1599.17, 0.26, 28.24, 77.92
12, 0.01, 1599.17, 0.26, 28.23, 77.95
12, 0.01, 1599.17, 0.26, 28.22, 77.96
12, 0.01, 1599.17, 0.26, 28.25, 77.98
12, 0.01, 1599.17, 0.26, 28.24, 77.99
12, 0.01, 1599.17, 0.26, 28.26, 77.96
12, 0.01, 1599.17, 0.26, 28.25, 78.01
12, 0.01, 1599.17, 0.26, 28.25, 77.99
12, 0.01, 1599.17, 0.26, 28.23, 78.05
12, 0.01, 1599.17, 0.26, 28.25, 78.00
12, 0.01, 1599.17, 0.26, 28.22, 78.08
12, 0.01, 1599.17, 0.26, 28.21, 78.10
12, 0.01, 1599.17, 0.26, 28.23, 78.09
12, 0.01, 1599.17, 0.26, 28.21, 78.11
12, 0.01, 1599.17, 0.26, 28.21, 78.11
12, 0.01, 1599.17, 0.26, 28.20, 78.14
12, 0.01, 1599.17, 0.26, 28.20, 78.17
12, 0.01, 1599.17, 0.26, 28.21, 78.20
12, 0.01, 1599.17, 0.26, 28.20, 78.17
12, 0.01, 1599.17, 0.26, 28.20, 78.20
12, 0.01, 1599.17, 0.26, 28.20, 78.22
12, 0.01, 1599.17, 0.26, 28.19, 78.23
12, 0.01, 1599.17, 0.26, 28.19, 78.25
12, 0.01, 1599.17, 0.26, 28.17, 78.30
12, 0.01, 1599.17, 0.26, 28.18, 78.30
12, 0.01, 1599.17, 0.26, 28.18, 78.34
12, 0.01, 1599.17, 0.26, 28.18, 78.30
12, 0.01, 1599.17, 0.26, 28.20, 78.30
12, 0.01, 1599.17, 0.26, 28.21, 78.28
12, 0.01, 1599.17, 0.26, 28.23, 78.28
12, 0.01, 1599.17, 0.26, 28.20, 78.31
12, 0.01, 1599.17, 0.26, 28.19, 78.32
12, 0.01, 1599.17, 0.26, 28.20, 78.35
12, 0.01, 1599.17, 0.26, 28.20, 78.35
12, 0.01, 1599.17, 0.26, 28.19, 78.35
12, 0.01, 1599.17, 0.26, 28.20, 78.39
12, 0.01, 1599.17, 0.26, 28.21, 78.37
12, 0.01, 1599.17, 0.26, 28.21, 78.34
12, 0.01, 1599.17, 0.26, 28.21, 78.36
12, 0.01, 1599.17, 0.26, 28.23, 78.36
12, 0.01, 1599.17, 0.26, 28.22, 78.32
12, 0.01, 1599.17, 0.26, 28.22, 78.34
12, 0.01, 1599.17, 0.26, 28.19, 78.39
12, 0.01, 1599.17, 0.26, 28.17, 78.44
12, 0.01, 1599.17, 0.26, 28.17, 78.49
12, 0.01, 1599.17, 0.26, 28.16, 78.51
12, 0.01, 1599.17, 0.26, 28.13, 78.54
12, 0.01, 1599.17, 0.26, 28.14, 78.59
12, 0.01, 1599.17, 0.26, 28.13, 78.61
12, 0.01, 1599.17, 0.26, 28.14, 78.62
12, 0.01, 1599.17, 0.26, 28.12, 78.63
12, 0.01, 1599.17, 0.26, 28.12, 78.64
12, 0.01, 1599.17, 0.26, 28.14, 78.66
12, 0.01, 1599.17, 0.26, 28.15, 78.61
12, 0.01, 1599.17, 0.26, 28.13, 78.65
12, 0.01, 1599.17, 0.26, 28.10, 78.71
12, 0.01, 1599.17, 0.26, 28.12, 78.71
12, 0.01, 1599.17, 0.26, 28.12, 78.70
12, 0.01, 1599.17, 0.26, 28.12, 78.70
12, 0.01, 1599.17, 0.26, 28.12, 78.69
12, 0.01, 1599.17, 0.26, 28.11, 78.75
12, 0.01, 1599.17, 0.26, 28.10, 78.83
12, 0.01, 1599.17, 0.26, 28.11, 78.78
12, 0.01, 1599.17, 0.26, 28.10, 78.78
12, 0.01, 1599.17, 0.26, 28.08, 78.82
12, 0.01, 1599.17, 0.26, 28.10, 78.83
12, 0.01, 1599.17, 0.26, 28.10, 78.85
12, 0.01, 1599.17, 0.26, 28.11, 78.85
12, 0.01, 1599.17, 0.26, 28.11, 78.81
12, 0.01, 1599.17, 0.26, 28.09, 78.87
12, 0.01, 1599.17, 0.26, 28.10, 78.87
12, 0.01, 1599.17, 0.26, 28.10, 78.87
12, 0.01, 1599.17, 0.26, 28.09, 78.89
12, 0.01, 1599.17, 0.26, 28.09, 78.89
12, 0.01, 1599.17, 0.26, 28.07, 78.94
12, 0.01, 1599.17, 0.26, 28.07, 78.97
12, 0.01, 1599.17, 0.26, 28.08, 78.96
12, 0.01, 1599.17, 0.26, 28.09, 78.96
12, 0.01, 1599.17, 0.26, 28.11, 78.93
12, 0.01, 1599.17, 0.26, 28.09, 78.93
12, 0.01, 1599.17, 0.26, 28.08, 78.98
12, 0.01, 1599.17, 0.26, 28.08, 78.97
12, 0.01, 1599.17, 0.26, 28.08, 79.00
12, 0.01, 1599.17, 0.26, 28.05, 79.03
12, 0.01, 1599.17, 0.26, 28.04, 79.08
12, 0.01, 1599.17, 0.26, 28.05, 79.10
12, 0.01, 1599.17, 0.26, 28.04, 79.11
12, 0.01, 1599.17, 0.26, 28.07, 79.12
12, 0.01, 1599.17, 0.26, 28.04, 79.11
12, 0.01, 1599.17, 0.26, 28.04, 79.15
12, 0.01, 1599.17, 0.26, 28.05, 79.11
12, 0.01, 1599.17, 0.26, 28.06, 79.12
12, 0.01, 1599.17, 0.26, 28.03, 79.14
12, 0.01, 1599.17, 0.26, 28.06, 79.17
12, 0.01, 1599.17, 0.26, 28.06, 79.13
12, 0.01, 1599.17, 0.26, 28.06, 79.14
12, 0.01, 1599.17, 0.26, 28.06, 79.15
12, 0.01, 1599.17, 0.26, 28.06, 79.14
12, 0.01, 1599.17, 0.26, 28.04, 79.17
12, 0.01, 1599.17, 0.26, 28.04, 79.17
12, 0.01, 1599.17, 0.26, 28.03, 79.21
12, 0.01, 1599.17, 0.26, 28.04, 79.20
12, 0.01, 1599.17, 0.26, 28.04, 79.23
12, 0.01, 1599.17, 0.26, 28.06, 79.21
12, 0.01, 1599.17, 0.26, 28.02, 79.25
12, 0.01, 1599.17, 0.26, 28.01, 79.27
12, 0.01, 1599.17, 0.26, 28.02, 79.27
12, 0.01, 1599.17, 0.26, 27.99, 79.34
12, 0.01, 1599.17, 0.26, 27.99, 79.37
12, 0.01, 1599.17, 0.26, 28.02, 79.36
12, 0.01, 1599.17, 0.26, 28.02, 79.33
12, 0.01, 1599.17, 0.26, 28.03, 79.33
12, 0.01, 1599.17, 0.26, 28.02, 79.33
12, 0.01, 1599.17, 0.26, 28.00, 79.36
12, 0.01, 1599.17, 0.26, 28.00, 79.42
12, 0.01, 1599.17, 0.26, 27.98, 79.48
12, 0.01, 1599.17, 0.26, 27.98, 79.44
12, 0.01, 1599.17, 0.26, 27.99, 79.47
12, 0.01, 1599.17, 0.26, 27.99, 79.48
12, 0.01, 1599.17, 0.26, 28.01, 79.47
12, 0.01, 1599.17, 0.26, 27.98, 79.50
12, 0.01, 1599.17, 0.26, 27.98, 79.49
12, 0.01, 1599.17, 0.26, 27.97, 79.53
12, 0.01, 1599.17, 0.26, 27.97, 79.57
12, 0.01, 1599.17, 0.26, 27.98, 79.55
12, 0.01, 1599.17, 0.26, 28.00, 79.52
12, 0.01, 1599.17, 0.26, 28.00, 79.54
12, 0.01, 1599.17, 0.26, 27.98, 79.55
12, 0.01, 1599.17, 0.26, 27.97, 79.54
12, 0.01, 1599.17, 0.26, 27.98, 79.57
12, 0.01, 1599.17, 0.26, 27.98, 79.58
12, 0.01, 1599.17, 0.26, 28.01, 79.55
12, 0.01, 1599.17, 0.26, 28.01, 79.53
12, 0.01, 1599.17, 0.26, 28.00, 79.58
12, 0.01, 1599.17, 0.26, 27.99, 79.56
12, 0.01, 1599.17, 0.26, 27.99, 79.59
12, 0.01, 1599.17, 0.26, 27.98, 79.62
12, 0.01, 1599.17, 0.26, 27.96, 79.65
12, 0.01, 1599.17, 0.26, 27.96, 79.64
12, 0.01, 1599.17, 0.26, 27.98, 79.65
12, 0.01, 1599.17, 0.26, 27.97, 79.68
12, 0.01, 1599.17, 0.26, 27.97, 79.69
12, 0.01, 1599.17, 0.26, 27.93, 79.76
12, 0.01, 1599.17, 0.26, 27.94, 79.79
12, 0.01, 1599.17, 0.26, 27.92, 79.76
12, 0.01, 1599.17, 0.26, 27.94, 79.81
12, 0.01, 1599.17, 0.26, 27.94, 79.78
12, 0.01, 1599.17, 0.26, 27.94, 79.80
12, 0.01, 1599.17, 0.26, 27.93, 79.84
12, 0.01, 1599.17, 0.26, 27.93, 79.84
12, 0.01, 1599.17, 0.26, 27.91, 79.85
12, 0.01, 1599.17, 0.26, 27.90, 79.89
12, 0.01, 1599.17, 0.26, 27.90, 79.93
12, 0.01, 1599.17, 0.26, 27.91, 79.90
12, 0.01, 1599.17, 0.26, 27.90, 79.91
12, 0.01, 1599.17, 0.26, 27.90, 79.95
12, 0.01, 1599.17, 0.26, 27.90, 79.93
12, 0.01, 1599.17, 0.26, 27.88, 80.01
12, 0.01, 1599.17, 0.26, 27.89, 80.02
12, 0.01, 1599.17, 0.26, 27.88, 80.00
12, 0.01, 1599.17, 0.26, 27.87, 80.03
12, 0.01, 1599.17, 0.26, 27.89, 80.02
12, 0.01, 1599.17, 0.26, 27.89, 80.03
12, 0.01, 1599.17, 0.26, 27.89, 80.05
12, 0.01, 1599.17, 0.26, 27.89, 80.05
12, 0.01, 1599.17, 0.26, 27.90, 80.05
12, 0.01, 1599.17, 0.26, 27.90, 80.03
12, 0.01, 1599.17, 0.26, 27.88, 80.06
12, 0.01, 1599.17, 0.26, 27.91, 80.06
12, 0.01, 1599.17, 0.26, 27.90, 80.06
12, 0.01, 1599.17, 0.26, 27.88, 80.10
12, 0.01, 1599.17, 0.26, 27.86, 80.12
12, 0.01, 1599.17, 0.26, 27.87, 80.15
12, 0.01, 1599.17, 0.26, 27.87, 80.15
12, 0.01, 1599.17, 0.26, 27.89, 80.14
12, 0.01, 1599.17, 0.26, 27.89, 80.13
12, 0.01, 1599.17, 0.26, 27.88, 80.14
12, 0.01, 1599.17, 0.26, 27.87, 80.16
12, 0.01, 1599.17, 0.26, 27.89, 80.18
12, 0.01, 1599.17, 0.26, 27.86, 80.17
12, 0.01, 1599.17, 0.26, 27.88, 80.19
12, 0.01, 1599.17, 0.26, 27.88, 80.17
12, 0.01, 1599.17, 0.26, 27.90, 80.15
12, 0.01, 1599.17, 0.26, 27.88, 80.19
12, 0.01, 1599.17, 0.26, 27.88, 80.18
12, 0.01, 1599.17, 0.26, 27.87, 80.23
12, 0.01, 1599.17, 0.26, 27.87, 80.24
12, 0.01, 1599.17, 0.26, 27.86, 80.25
12, 0.01, 1599.17, 0.26, 27.86, 80.26
12, 0.01, 1599.17, 0.26, 27.83, 80.33
12, 0.01, 1599.17, 0.26, 27.85, 80.36
12, 0.01, 1599.17, 0.26, 27.83, 80.35
12, 0.01, 1599.17, 0.26, 27.84, 80.37
12, 0.01, 1599.17, 0.26, 27.85, 80.34
12, 0.01, 1599.17, 0.26, 27.84, 80.37
12, 0.01, 1599.17, 0.26, 27.84, 80.39
12, 0.01, 1599.17, 0.26, 27.83, 80.41
12, 0.01, 1599.17, 0.26, 27.81, 80.48
12, 0.01, 1599.17, 0.26, 27.84, 80.44
12, 0.01, 1599.17, 0.26, 27.85, 80.41
12, 0.01, 1599.17, 0.26, 27.83, 80.37
12, 0.01, 1599.17, 0.26, 27.82, 80.44
12, 0.01, 1599.17, 0.26, 27.83, 80.49
12, 0.01, 1599.17, 0.26, 27.83, 80.46
12, 0.01, 1599.17, 0.26, 27.82, 80.52
12, 0.01, 1599.17, 0.26, 27.82, 80.52
12, 0.01, 1599.17, 0.26, 27.81, 80.54
12, 0.01, 1599.17, 0.26, 27.83, 80.54
12, 0.01, 1599.17, 0.26, 27.83, 80.52
12, 0.01, 1599.17, 0.26, 27.83, 80.57
12, 0.01, 1599.17, 0.26, 27.81, 80.58
12, 0.01, 1599.17, 0.26, 27.82, 80.60
12, 0.01, 1599.17, 0.26, 27.79, 80.62
12, 0.01, 1599.17, 0.26, 27.80, 80.59
12, 0.01, 1599.17, 0.26, 27.80, 80.60
12, 0.01, 1599.17, 0.26, 27.81, 80.62
12, 0.01, 1599.17, 0.26, 27.80, 80.63
12, 0.01, 1599.17, 0.26, 27.80, 80.65
12, 0.01, 1599.17, 0.26, 27.81, 80.67
12, 0.01, 1599.17, 0.26, 27.79, 80.65
12, 0.01, 1599.17, 0.26, 27.78, 80.69
12, 0.01, 1599.17, 0.26, 27.76, 80.70
12, 0.01, 1599.17, 0.26, 27.78, 80.72
12, 0.01, 1599.17, 0.26, 27.77, 80.74
12, 0.01, 1599.17, 0.26, 27.79, 80.76
12, 0.01, 1599.17, 0.26, 27.78, 80.73
12, 0.01, 1599.17, 0.26, 27.78, 80.73
12, 0.01, 1599.17, 0.26, 27.79, 80.75
12, 0.01, 1599.17, 0.26, 27.80, 80.73
12, 0.01, 1599.17, 0.26, 27.81, 80.70
12, 0.01, 1599.17, 0.26, 27.80, 80.71
12, 0.01, 1599.17, 0.26, 27.78, 80.75
12, 0.01, 1599.17, 0.26, 27.79, 80.75
12, 0.01, 1599.17, 0.26, 27.77, 80.79
12, 0.01, 1599.17, 0.26, 27.78, 80.80
12, 0.01, 1599.17, 0.26, 27.78, 80.79
12, 0.01, 1599.17, 0.26, 27.77, 80.82
12, 0.01, 1599.17, 0.26, 27.77, 80.83
12, 0.01, 1599.17, 0.26, 27.74, 80.85
12, 0.01, 1599.17, 0.26, 27.76, 80.85
12, 0.01, 1599.17, 0.26, 27.75, 80.89
12, 0.01, 1599.17, 0.26, 27.78, 80.86
12, 0.01, 1599.17, 0.26, 27.77, 80.90
12, 0.01, 1599.17, 0.26, 27.76, 80.89
12, 0.01, 1599.17, 0.26, 27.78, 80.90
12, 0.01, 1599.17, 0.26, 27.76, 80.91
12, 0.01, 1599.17, 0.26, 27.77, 80.90
12, 0.01, 1599.17, 0.26, 27.77, 80.88
12, 0.01, 1599.17, 0.26, 27.75, 80.91
12, 0.01, 1599.17, 0.26, 27.77, 80.91
12, 0.01, 1599.17, 0.26, 27.76, 80.95
12, 0.01, 1599.17, 0.26, 27.77, 80.95
12, 0.01, 1599.17, 0.26, 27.76, 80.94
12, 0.01, 1599.17, 0.26, 27.78, 80.91
12, 0.01, 1599.17, 0.26, 27.78, 80.93
12, 0.01, 1599.17, 0.26, 27.76, 80.92
12, 0.01, 1599.17, 0.26, 27.76, 80.96
12, 0.01, 1599.17, 0.26, 27.77, 80.98
12, 0.01, 1599.17, 0.26, 27.77, 80.96
12, 0.01, 1599.17, 0.26, 27.76, 81.01
12, 0.01, 1599.17, 0.26, 27.74, 81.03
12, 0.01, 1599.17, 0.26, 27.74, 81.05
12, 0.01, 1599.17, 0.26, 27.73, 81.05
12, 0.01, 1599.17, 0.26, 27.74, 81.08
12, 0.01, 1599.17, 0.26, 27.72, 81.07
12, 0.01, 1599.17, 0.26, 27.75, 81.07
12, 0.01, 1599.17, 0.26, 27.73, 81.08
12, 0.01, 1599.17, 0.26, 27.74, 81.07
12, 0.01, 1599.17, 0.26, 27.73, 81.11
12, 0.01, 1599.17, 0.26, 27.74, 81.09
12, 0.01, 1599.17, 0.26, 27.74, 81.11
12, 0.01, 1599.17, 0.26, 27.74, 81.11
12, 0.01, 1599.17, 0.26, 27.75, 81.11
12, 0.01, 1599.17, 0.26, 27.77, 81.10
12, 0.01, 1599.17, 0.26, 27.76, 81.09
12, 0.01, 1599.17, 0.26, 27.77, 81.10
12, 0.01, 1599.17, 0.26, 27.76, 81.08
12, 0.01, 1599.17, 0.26, 27.76, 81.07
12, 0.01, 1599.17, 0.26, 27.78, 81.08
12, 0.01, 1599.17, 0.26, 27.77, 81.08
12, 0.01, 1599.17, 0.26, 27.78, 81.07
12, 0.01, 1599.17, 0.26, 27.74, 81.12
12, 0.01, 1599.17, 0.26, 27.74, 81.14
12, 0.01, 1599.17, 0.26, 27.73, 81.16
12, 0.01, 1599.17, 0.26, 27.72, 81.16
12, 0.01, 1599.17, 0.26, 27.72, 81.20
12, 0.01, 1599.17, 0.26, 27.72, 81.21
12, 0.01, 1599.17, 0.26, 27.68, 81.25
12, 0.01, 1599.17, 0.26, 27.72, 81.24
12, 0.01, 1599.17, 0.26, 27.71, 81.25
12, 0.01, 1599.17, 0.26, 27.71, 81.26
12, 0.01, 1599.17, 0.26, 27.70, 81.32
12, 0.01, 1599.17, 0.26, 27.70, 81.29
12, 0.01, 1599.17, 0.26, 27.70, 81.29
12, 0.01, 1599.17, 0.26, 27.70, 81.29
12, 0.01, 1599.17, 0.26, 27.71, 81.32
12, 0.01, 1599.17, 0.26, 27.69, 81.33
12, 0.01, 1599.17, 0.26, 27.72, 81.29
12, 0.01, 1599.17, 0.26, 27.69, 81.34
12, 0.01, 1599.17, 0.26, 27.70, 81.33
12, 0.01, 1599.17, 0.26, 27.71, 81.31
12, 0.01, 1599.17, 0.26, 27.71, 81.36
12, 0.01, 1599.17, 0.26, 27.72, 81.33
12, 0.01, 1599.17, 0.26, 27.71, 81.35
12, 0.01, 1599.17, 0.26, 27.72, 81.36
12, 0.01, 1599.17, 0.26, 27.70, 81.37
12, 0.01, 1599.17, 0.26, 27.72, 81.34
12, 0.01, 1599.17, 0.26, 27.71, 81.34
12, 0.01, 1599.17, 0.26, 27.69, 81.37
12, 0.01, 1599.17, 0.26, 27.70, 81.37
12, 0.01, 1599.17, 0.26, 27.70, 81.39
12, 0.01, 1599.17, 0.26, 27.68, 81.42
12, 0.01, 1599.17, 0.26, 27.69, 81.42
12, 0.01, 1599.17, 0.26, 27.69, 81.43
12, 0.01, 1599.17, 0.26, 27.69, 81.45
12, 0.01, 1599.17, 0.26, 27.68, 81.46
12, 0.01, 1599.17, 0.26, 27.67, 81.44
12, 0.01, 1599.17, 0.26, 27.68, 81.49
12, 0.01, 1599.17, 0.26, 27.68, 81.47
12, 0.01, 1599.17, 0.26, 27.67, 81.53
12, 0.01, 1599.17, 0.26, 27.66, 81.52
12, 0.01, 1599.17, 0.26, 27.66, 81.50
12, 0.01, 1599.17, 0.26, 27.65, 81.58
12, 0.01, 1599.17, 0.26, 27.64, 81.58
12, 0.01, 1599.17, 0.26, 27.64, 81.61
12, 0.01, 1599.17, 0.26, 27.65, 81.60
12, 0.01, 1599.17, 0.26, 27.65, 81.58
12, 0.01, 1599.17, 0.26, 27.67, 81.60
12, 0.01, 1599.17, 0.26, 27.66, 81.59
12, 0.01, 1599.17, 0.26, 27.66, 81.61
12, 0.01, 1599.17, 0.26, 27.66, 81.60
12, 0.01, 1599.17, 0.26, 27.66, 81.62
12, 0.01, 1599.17, 0.26, 27.66, 81.62
12, 0.01, 1599.17, 0.26, 27.65, 81.64
12, 0.01, 1599.17, 0.26, 27.66, 81.61
12, 0.01, 1599.17, 0.26, 27.67, 81.60
12, 0.01, 1599.17, 0.26, 27.67, 81.60
12, 0.01, 1599.17, 0.26, 27.68, 81.63
12, 0.01, 1599.17, 0.26, 27.68, 81.61
12, 0.01, 1599.17, 0.26, 27.67, 81.64
12, 0.01, 1599.17, 0.26, 27.67, 81.64
12, 0.01, 1599.17, 0.26, 27.66, 81.64
12, 0.01, 1599.17, 0.26, 27.66, 81.64
12, 0.01, 1599.17, 0.26, 27.66, 81.67
12, 0.01, 1599.17, 0.26, 27.65, 81.67
12, 0.01, 1599.17, 0.26, 27.67, 81.68
12, 0.01, 1599.17, 0.26, 27.67, 81.68
12, 0.01, 1599.17, 0.26, 27.66, 81.69
12, 0.01, 1599.17, 0.26, 27.66, 81.69
12, 0.01, 1599.17, 0.26, 27.68, 81.67
12, 0.01, 1599.17, 0.26, 27.65, 81.66
12, 0.01, 1599.17, 0.26, 27.68, 81.67
12, 0.01, 1599.17, 0.26, 27.67, 81.68
12, 0.01, 1599.17, 0.26, 27.65, 81.69
12, 0.01, 1599.17, 0.26, 27.63, 81.76
12, 0.01, 1599.17, 0.26, 27.64, 81.73
12, 0.01, 1599.17, 0.26, 27.64, 81.76
12, 0.01, 1599.17, 0.26, 27.64, 81.78
12, 0.01, 1599.17, 0.26, 27.62, 81.80
12, 0.01, 1599.17, 0.26, 27.66, 81.75
12, 0.01, 1599.17, 0.26, 27.64, 81.81
12, 0.01, 1599.17, 0.26, 27.66, 81.77
12, 0.01, 1599.17, 0.26, 27.64, 81.78
12, 0.01, 1599.17, 0.26, 27.62, 81.82
12, 0.01, 1599.17, 0.26, 27.65, 81.81
12, 0.01, 1599.17, 0.26, 27.63, 81.81
12, 0.01, 1599.17, 0.26, 27.64, 81.81
12, 0.01, 1599.17, 0.26, 27.65, 81.78
12, 0.01, 1599.17, 0.26, 27.63, 81.83
12, 0.01, 1599.17, 0.26, 27.65, 81.83
12, 0.01, 1599.17, 0.26, 27.64, 81.81
12, 0.01, 1599.17, 0.26, 27.64, 81.83
12, 0.01, 1599.17, 0.26, 27.63, 81.85
12, 0.01, 1599.17, 0.26, 27.63, 81.86
12, 0.01, 1599.17, 0.26, 27.63, 81.87
12, 0.01, 1599.17, 0.26, 27.60, 81.87
12, 0.01, 1599.17, 0.26, 27.61, 81.89
12, 0.01, 1599.17, 0.26, 27.61, 81.93
12, 0.01, 1599.17, 0.26, 27.61, 81.92
12, 0.01, 1599.17, 0.26, 27.62, 81.90
12, 0.01, 1599.17, 0.26, 27.63, 81.90
12, 0.01, 1599.17, 0.26, 27.63, 81.89
12, 0.01, 1599.17, 0.26, 27.61, 81.90
12, 0.01, 1599.17, 0.26, 27.61, 81.90
12, 0.01, 1599.17, 0.26, 27.58, 81.98
12, 0.01, 1599.17, 0.26, 27.59, 82.01
12, 0.01, 1599.17, 0.26, 27.59, 81.99
12, 0.01, 1599.17, 0.26, 27.57, 82.03
12, 0.01, 1599.17, 0.26, 27.58, 82.04
12, 0.01, 1599.17, 0.26, 27.59, 82.04
12, 0.01, 1599.17, 0.26, 27.61, 82.00
12, 0.01, 1599.17, 0.26, 27.60, 81.97
12, 0.01, 1599.17, 0.26, 27.59, 82.01
12, 0.01, 1599.17, 0.26, 27.58, 82.05
12, 0.01, 1599.17, 0.26, 27.59, 82.08
12, 0.01, 1599.17, 0.26, 27.59, 82.04
12, 0.01, 1599.17, 0.26, 27.58, 82.05
12, 0.01, 1599.17, 0.26, 27.58, 82.05
12, 0.01, 1599.17, 0.26, 27.58, 82.03
12, 0.01, 1599.17, 0.26, 27.60, 82.05
12, 0.01, 1599.17, 0.26, 27.61, 82.03
12, 0.01, 1599.17, 0.26, 27.60, 82.06
12, 0.01, 1599.17, 0.26, 27.59, 82.08
12, 0.01, 1599.17, 0.26, 27.58, 82.12
12, 0.01, 1599.17, 0.26, 27.58, 82.12
12, 0.01, 1599.17, 0.26, 27.58, 82.11
12, 0.01, 1599.17, 0.26, 27.59, 82.11
12, 0.01, 1599.17, 0.26, 27.58, 82.12
12, 0.01, 1599.17, 0.26, 27.58, 82.15
12, 0.01, 1599.17, 0.26, 27.58, 82.10
12, 0.01, 1599.17, 0.26, 27.60, 82.09
12, 0.01, 1599.17, 0.26, 27.58, 82.11
12, 0.01, 1599.17, 0.26, 27.58, 82.16
12, 0.01, 1599.17, 0.26, 27.57, 82.12
12, 0.01, 1599.17, 0.26, 27.59, 82.09
12, 0.01, 1599.17, 0.26, 27.58, 82.13
12, 0.01, 1599.17, 0.26, 27.58, 82.17
12, 0.01, 1599.17, 0.26, 27.57, 82.15
12, 0.01, 1599.17, 0.26, 27.56, 82.20
12, 0.01, 1599.17, 0.26, 27.57, 82.16
12, 0.01, 1599.17, 0.26, 27.57, 82.18
12, 0.01, 1599.17, 0.26, 27.58, 82.18
12, 0.01, 1599.17, 0.26, 27.57, 82.19
12, 0.01, 1599.17, 0.26, 27.57, 82.23
12, 0.01, 1599.17, 0.26, 27.55, 82.22
12, 0.01, 1599.17, 0.26, 27.57, 82.22
12, 0.01, 1599.17, 0.26, 27.57, 82.17
12, 0.01, 1599.17, 0.26, 27.55, 82.20
12, 0.01, 1599.17, 0.26, 27.57, 82.22
12, 0.01, 1599.17, 0.26, 27.56, 82.24
12, 0.01, 1599.17, 0.26, 27.55, 82.24
12, 0.01, 1599.17, 0.26, 27.55, 82.26
12, 0.01, 1599.17, 0.26, 27.56, 82.24
12, 0.01, 1599.17, 0.26, 27.55, 82.26
12, 0.01, 1599.17, 0.26, 27.54, 82.27
12, 0.01, 1599.17, 0.26, 27.54, 82.30
12, 0.01, 1599.17, 0.26, 27.55, 82.27
12, 0.01, 1599.17, 0.26, 27.53, 82.30
12, 0.01, 1599.17, 0.26, 27.54, 82.29
12, 0.01, 1599.17, 0.26, 27.55, 82.30
12, 0.01, 1599.17, 0.26, 27.53, 82.32
12, 0.01, 1599.17, 0.26, 27.53, 82.34
12, 0.01, 1599.17, 0.26, 27.55, 82.31
12, 0.01, 1599.17, 0.26, 27.54, 82.33
12, 0.01, 1599.17, 0.26, 27.54, 82.34
12, 0.01, 1599.17, 0.26, 27.54, 82.37
12, 0.01, 1599.17, 0.26, 27.51, 82.37
12, 0.01, 1599.17, 0.26, 27.52, 82.41
12, 0.01, 1599.17, 0.26, 27.52, 82.39
12, 0.01, 1599.17, 0.26, 27.51, 82.41
12, 0.01, 1599.17, 0.26, 27.51, 82.41
12, 0.01, 1599.17, 0.26, 27.52, 82.44
12, 0.01, 1599.17, 0.26, 27.52, 82.37
12, 0.01, 1599.17, 0.26, 27.51, 82.44
12, 0.01, 1599.17, 0.26, 27.52, 82.43
12, 0.01, 1599.17, 0.26, 27.50, 82.44
12, 0.01, 1599.17, 0.26, 27.50, 82.48
12, 0.01, 1599.17, 0.26, 27.49, 82.48
12, 0.01, 1599.17, 0.26, 27.50, 82.46
12, 0.01, 1599.17, 0.26, 27.50, 82.44
12, 0.01, 1599.17, 0.26, 27.49, 82.48
12, 0.01, 1599.17, 0.26, 27.50, 82.48
12, 0.01, 1599.17, 0.26, 27.48, 82.49
12, 0.01, 1599.17, 0.26, 27.49, 82.54
12, 0.01, 1599.17, 0.26, 27.49, 82.55
12, 0.01, 1599.17, 0.26, 27.47, 82.57
12, 0.01, 1599.17, 0.26, 27.50, 82.55
12, 0.01, 1599.17, 0.26, 27.49, 82.52
12, 0.01, 1599.17, 0.26, 27.47, 82.54
12, 0.01, 1599.17, 0.26, 27.48, 82.60
12, 0.01, 1599.17, 0.26, 27.47, 82.62
12, 0.01, 1599.17, 0.26, 27.48, 82.58
12, 0.01, 1599.17, 0.26, 27.48, 82.55
12, 0.01, 1599.17, 0.26, 27.48, 82.62
12, 0.01, 1599.17, 0.26, 27.47, 82.60
12, 0.01, 1599.17, 0.26, 27.47, 82.60
12, 0.01, 1599.17, 0.26, 27.46, 82.63
12, 0.01, 1599.17, 0.26, 27.46, 82.66
12, 0.01, 1599.17, 0.26, 27.47, 82.64
12, 0.01, 1599.17, 0.26, 27.46, 82.66
12, 0.01, 1599.17, 0.26, 27.45, 82.65
12, 0.01, 1599.17, 0.26, 27.47, 82.65
12, 0.01, 1599.17, 0.26, 27.48, 82.60
12, 0.01, 1599.17, 0.26, 27.46, 82.65
12, 0.01, 1599.17, 0.26, 27.45, 82.68
12, 0.01, 1599.17, 0.26, 27.44, 82.68
12, 0.01, 1599.17, 0.26, 27.44, 82.69
12, 0.01, 1599.17, 0.26, 27.45, 82.68
12, 0.01, 1599.17, 0.26, 27.43, 82.70
12, 0.01, 1599.17, 0.26, 27.46, 82.71
12, 0.01, 1599.17, 0.26, 27.44, 82.71
12, 0.01, 1599.17, 0.26, 27.45, 82.73
12, 0.01, 1599.17, 0.26, 27.46, 82.71
12, 0.01, 1599.17, 0.26, 27.45, 82.72
12, 0.01, 1599.17, 0.26, 27.45, 82.72
12, 0.01, 1599.17, 0.26, 27.46, 82.70
12, 0.01, 1599.17, 0.26, 27.44, 82.74
12, 0.01, 1599.17, 0.26, 27.44, 82.77
12, 0.01, 1599.17, 0.26, 27.41, 82.78
12, 0.01, 1599.17, 0.26, 27.42, 82.81
12, 0.01, 1599.17, 0.26, 27.42, 82.78
12, 0.01, 1599.17, 0.26, 27.44, 82.77
12, 0.01, 1599.17, 0.26, 27.43, 82.79
12, 0.01, 1599.17, 0.26, 27.43, 82.78
12, 0.01, 1599.17, 0.26, 27.43, 82.81
12, 0.01, 1599.17, 0.26, 27.43, 82.81
12, 0.01, 1599.17, 0.26, 27.42, 82.86
12, 0.01, 1599.17, 0.26, 27.43, 82.82
12, 0.01, 1599.17, 0.26, 27.42, 82.81
12, 0.01, 1599.17, 0.26, 27.43, 82.84
12, 0.01, 1599.17, 0.26, 27.41, 82.83
12, 0.01, 1599.17, 0.26, 27.41, 82.87
12, 0.01, 1599.17, 0.26, 27.39, 82.90
12, 0.01, 1599.17, 0.26, 27.40, 82.89
12, 0.01, 1599.17, 0.26, 27.41, 82.91
12, 0.01, 1599.17, 0.26, 27.41, 82.85
12, 0.01, 1599.17, 0.26, 27.40, 82.89
12, 0.01, 1599.17, 0.26, 27.39, 82.92
12, 0.01, 1599.17, 0.26, 27.38, 82.92
12, 0.01, 1599.17, 0.26, 27.38, 82.95
12, 0.01, 1599.17, 0.26, 27.37, 82.97
12, 0.01, 1599.17, 0.26, 27.38, 82.95
12, 0.01, 1599.17, 0.26, 27.38, 82.98
12, 0.01, 1599.17, 0.26, 27.39, 82.97
12, 0.01, 1599.17, 0.26, 27.38, 82.97
12, 0.01, 1599.17, 0.26, 27.39, 82.95
12, 0.01, 1599.17, 0.26, 27.37, 82.98
12, 0.01, 1599.17, 0.26, 27.38, 83.00
12, 0.01, 1599.17, 0.26, 27.38, 82.99
12, 0.01, 1599.17, 0.26, 27.38, 83.02
12, 0.01, 1599.17, 0.26, 27.37, 83.03
12, 0.01, 1599.17, 0.26, 27.38, 83.02
12, 0.01, 1599.17, 0.26, 27.37, 83.03
12, 0.01, 1599.17, 0.26, 27.36, 83.08
12, 0.01, 1599.17, 0.26, 27.36, 83.02
12, 0.01, 1599.17, 0.26, 27.36, 83.06
12, 0.01, 1599.17, 0.26, 27.37, 83.04
12, 0.01, 1599.17, 0.26, 27.35, 83.05
12, 0.01, 1599.17, 0.26, 27.34, 83.10
12, 0.01, 1599.17, 0.26, 27.37, 83.09
12, 0.01, 1599.17, 0.26, 27.35, 83.10
12, 0.01, 1599.17, 0.26, 27.34, 83.08
12, 0.01, 1599.17, 0.26, 27.34, 83.11
12, 0.01, 1599.17, 0.26, 27.35, 83.11
12, 0.01, 1599.17, 0.26, 27.36, 83.11
12, 0.01, 1599.17, 0.26, 27.35, 83.12
12, 0.01, 1599.17, 0.26, 27.34, 83.13
12, 0.01, 1599.17, 0.26, 27.35, 83.10
12, 0.01, 1599.17, 0.26, 27.36, 83.12
12, 0.01, 1599.17, 0.26, 27.37, 83.12
12, 0.01, 1599.17, 0.26, 27.36, 83.09
12, 0.01, 1599.17, 0.26, 27.36, 83.11
12, 0.01, 1599.17, 0.26, 27.35, 83.12
12, 0.01, 1599.17, 0.26, 27.36, 83.15
12, 0.01, 1599.17, 0.26, 27.31, 83.17
12, 0.01, 1599.17, 0.26, 27.33, 83.18
12, 0.01, 1599.17, 0.26, 27.32, 83.23
12, 0.01, 1599.17, 0.26, 27.32, 83.20
12, 0.01, 1599.17, 0.26, 27.33, 83.23
12, 0.01, 1599.17, 0.26, 27.32, 83.23
12, 0.01, 1599.17, 0.26, 27.32, 83.26
12, 0.01, 1599.17, 0.26, 27.33, 83.21
12, 0.01, 1599.17, 0.26, 27.30, 83.23
12, 0.01, 1599.17, 0.26, 27.31, 83.25
12, 0.01, 1599.17, 0.26, 27.30, 83.26
12, 0.01, 1599.17, 0.26, 27.30, 83.29
12, 0.01, 1599.17, 0.26, 27.32, 83.29
12, 0.01, 1599.17, 0.26, 27.31, 83.28
12, 0.01, 1599.17, 0.26, 27.32, 83.27
12, 0.01, 1599.17, 0.26, 27.31, 83.30
12, 0.01, 1599.17, 0.26, 27.29, 83.29
12, 0.01, 1599.17, 0.26, 27.30, 83.32
12, 0.01, 1599.17, 0.26, 27.32, 83.28
12, 0.01, 1599.17, 0.26, 27.30, 83.28
12, 0.01, 1599.17, 0.26, 27.31, 83.27
12, 0.01, 1599.17, 0.26, 27.32, 83.29
12, 0.01, 1599.17, 0.26, 27.32, 83.25
12, 0.01, 1599.17, 0.26, 27.32, 83.27
12, 0.01, 1599.17, 0.26, 27.31, 83.31
12, 0.01, 1599.17, 0.26, 27.33, 83.30
12, 0.01, 1599.17, 0.26, 27.31, 83.30
12, 0.01, 1599.17, 0.26, 27.31, 83.33
12, 0.01, 1599.17, 0.26, 27.30, 83.36
12, 0.01, 1599.17, 0.26, 27.31, 83.27
12, 0.01, 1599.17, 0.26, 27.31, 83.30
12, 0.01, 1599.17, 0.26, 27.31, 83.34
12, 0.01, 1599.17, 0.26, 27.30, 83.34
12, 0.01, 1599.17, 0.26, 27.29, 83.36
12, 0.01, 1599.17, 0.26, 27.28, 83.40
12, 0.01, 1599.17, 0.26, 27.28, 83.38
12, 0.01, 1599.17, 0.26, 27.28, 83.42
12, 0.01, 1599.17, 0.26, 27.30, 83.45
12, 0.01, 1599.17, 0.26, 27.29, 83.43
12, 0.01, 1599.17, 0.26, 27.31, 83.40
12, 0.01, 1599.17, 0.26, 27.30, 83.38
12, 0.01, 1599.17, 0.26, 27.31, 83.39
12, 0.01, 1599.17, 0.26, 27.29, 83.38
12, 0.01, 1599.17, 0.26, 27.29, 83.40
12, 0.01, 1599.17, 0.26, 27.28, 83.42
12, 0.01, 1599.17, 0.26, 27.29, 83.43
12, 0.01, 1599.17, 0.26, 27.27, 83.47
12, 0.01, 1599.17, 0.26, 27.27, 83.46
12, 0.01, 1599.17, 0.26, 27.27, 83.49
12, 0.01, 1599.17, 0.26, 27.28, 83.47
12, 0.01, 1599.17, 0.26, 27.25, 83.50
12, 0.01, 1599.17, 0.26, 27.28, 83.47
12, 0.01, 1599.17, 0.26, 27.28, 83.49
12, 0.01, 1599.17, 0.26, 27.26, 83.55
12, 0.01, 1599.17, 0.26, 27.27, 83.50
12, 0.01, 1599.17, 0.26, 27.28, 83.49
12, 0.01, 1599.17, 0.26, 27.26, 83.50
12, 0.01, 1599.17, 0.26, 27.28, 83.49
12, 0.01, 1599.17, 0.26, 27.27, 83.52
12, 0.01, 1599.17, 0.26, 27.28, 83.52
12, 0.01, 1599.17, 0.26, 27.27, 83.53
12, 0.01, 1599.17, 0.26, 27.27, 83.51
12, 0.01, 1599.17, 0.26, 27.26, 83.55
12, 0.01, 1599.17, 0.26, 27.25, 83.59
12, 0.01, 1599.17, 0.26, 27.25, 83.60
12, 0.01, 1599.17, 0.26, 27.26, 83.60
12, 0.01, 1599.17, 0.26, 27.26, 83.58
12, 0.01, 1599.17, 0.26, 27.28, 83.59
12, 0.01, 1599.17, 0.26, 27.26, 83.61
12, 0.01, 1599.17, 0.26, 27.26, 83.59
12, 0.01, 1599.17, 0.26, 27.26, 83.58
12, 0.01, 1599.17, 0.26, 27.24, 83.57
12, 0.01, 1599.17, 0.26, 27.25, 83.61
12, 0.01, 1599.17, 0.26, 27.26, 83.60
12, 0.01, 1599.17, 0.26, 27.26, 83.62
12, 0.01, 1599.17, 0.26, 27.27, 83.60
12, 0.01, 1599.17, 0.26, 27.26, 83.60
12, 0.01, 1599.17, 0.26, 27.26, 83.62
12, 0.01, 1599.17, 0.26, 27.25, 83.61
12, 0.01, 1599.17, 0.26, 27.25, 83.63
12, 0.01, 1599.17, 0.26, 27.25, 83.63
12, 0.01, 1599.17, 0.26, 27.25, 83.63
12, 0.01, 1599.17, 0.26, 27.26, 83.66
12, 0.01, 1599.17, 0.26, 27.25, 83.63
12, 0.01, 1599.17, 0.26, 27.24, 83.64
12, 0.01, 1599.17, 0.26, 27.24, 83.67
12, 0.01, 1599.17, 0.26, 27.24, 83.64
12, 0.01, 1599.17, 0.26, 27.25, 83.65
12, 0.01, 1599.17, 0.26, 27.24, 83.68
12, 0.01, 1599.17, 0.26, 27.24, 83.68
12, 0.01, 1599.17, 0.26, 27.24, 83.70
12, 0.01, 1599.17, 0.26, 27.24, 83.67
12, 0.01, 1599.17, 0.26, 27.23, 83.68
12, 0.01, 1599.17, 0.26, 27.22, 83.72
12, 0.01, 1599.17, 0.26, 27.22, 83.72
12, 0.01, 1599.17, 0.26, 27.24, 83.73
12, 0.01, 1599.17, 0.26, 27.23, 83.70
12, 0.01, 1599.17, 0.26, 27.22, 83.73
12, 0.01, 1599.17, 0.26, 27.22, 83.73
12, 0.01, 1599.17, 0.26, 27.20, 83.78
12, 0.01, 1599.17, 0.26, 27.20, 83.80
12, 0.01, 1599.17, 0.26, 27.22, 83.76
12, 0.01, 1599.17, 0.26, 27.21, 83.78
12, 0.01, 1599.17, 0.26, 27.22, 83.77
12, 0.01, 1599.17, 0.26, 27.22, 83.75
12, 0.01, 1599.17, 0.26, 27.23, 83.76
12, 0.01, 1599.17, 0.26, 27.22, 83.78
12, 0.01, 1599.17, 0.26, 27.22, 83.76
12, 0.01, 1599.17, 0.26, 27.22, 83.76
12, 0.01, 1599.17, 0.26, 27.22, 83.77
12, 0.01, 1599.17, 0.26, 27.22, 83.78
12, 0.01, 1599.17, 0.26, 27.24, 83.75
12, 0.01, 1599.17, 0.26, 27.22, 83.76
12, 0.01, 1599.17, 0.26, 27.22, 83.77
12, 0.01, 1599.17, 0.26, 27.22, 83.79
12, 0.01, 1599.17, 0.26, 27.23, 83.81
12, 0.01, 1599.17, 0.26, 27.23, 83.80
12, 0.01, 1599.17, 0.26, 27.23, 83.78
12, 0.01, 1599.17, 0.26, 27.21, 83.77
12, 0.01, 1599.17, 0.26, 27.20, 83.80
12, 0.01, 1599.17, 0.26, 27.22, 83.83
12, 0.01, 1599.17, 0.26, 27.22, 83.81
12, 0.01, 1599.17, 0.26, 27.18, 83.86
12, 0.01, 1599.17, 0.26, 27.21, 83.84
12, 0.01, 1599.17, 0.26, 27.20, 83.85
12, 0.01, 1599.17, 0.26, 27.20, 83.85
12, 0.01, 1599.17, 0.26, 27.19, 83.88
12, 0.01, 1599.17, 0.26, 27.19, 83.89
12, 0.01, 1599.17, 0.26, 27.20, 83.87
12, 0.01, 1599.17, 0.26, 27.19, 83.87
12, 0.01, 1599.17, 0.26, 27.20, 83.85
12, 0.01, 1599.17, 0.26, 27.20, 83.88
12, 0.01, 1599.17, 0.26, 27.19, 83.87
12, 0.01, 1599.17, 0.26, 27.20, 83.86
12, 0.01, 1599.17, 0.26, 27.20, 83.87
12, 0.01, 1599.17, 0.26, 27.19, 83.88
12, 0.01, 1599.17, 0.26, 27.19, 83.87
12, 0.01, 1599.17, 0.26, 27.19, 83.85
12, 0.01, 1599.17, 0.26, 27.19, 83.93
12, 0.01, 1599.17, 0.26, 27.20, 83.89
12, 0.01, 1599.17, 0.26, 27.18, 83.88
12, 0.01, 1599.17, 0.26, 27.17, 83.94
12, 0.01, 1599.17, 0.26, 27.17, 83.92
12, 0.01, 1599.17, 0.26, 27.17, 83.91
12, 0.01, 1599.17, 0.26, 27.17, 83.94
12, 0.01, 1599.17, 0.26, 27.17, 83.96
12, 0.01, 1599.17, 0.26, 27.15, 83.96
12, 0.01, 1599.17, 0.26, 27.14, 84.03
12, 0.01, 1599.17, 0.26, 27.14, 83.98
12, 0.01, 1599.17, 0.26, 27.14, 84.00
12, 0.01, 1599.17, 0.26, 27.15, 84.04
12, 0.01, 1599.17, 0.26, 27.14, 84.02
12, 0.01, 1599.17, 0.26, 27.16, 84.03
12, 0.01, 1599.17, 0.26, 27.15, 84.02
12, 0.01, 1599.17, 0.26, 27.14, 84.02
12, 0.01, 1599.17, 0.26, 27.14, 84.03
12, 0.01, 1599.17, 0.26, 27.13, 84.02
12, 0.01, 1599.17, 0.26, 27.13, 84.06
12, 0.01, 1599.17, 0.26, 27.14, 84.05
12, 0.01, 1599.17, 0.26, 27.14, 84.06
12, 0.01, 1599.17, 0.26, 27.15, 84.04
12, 0.01, 1599.17, 0.26, 27.12, 84.06
12, 0.01, 1599.17, 0.26, 27.13, 84.09
12, 0.01, 1599.17, 0.26, 27.13, 84.08
12, 0.01, 1599.17, 0.26, 27.13, 84.08
12, 0.01, 1599.17, 0.26, 27.13, 84.06
12, 0.01, 1599.17, 0.26, 27.12, 84.11
12, 0.01, 1599.17, 0.26, 27.13, 84.08
12, 0.01, 1599.17, 0.26, 27.13, 84.08
12, 0.01, 1599.17, 0.26, 27.15, 84.06
12, 0.01, 1599.17, 0.26, 27.11, 84.07
12, 0.01, 1599.17, 0.26, 27.13, 84.09
12, 0.01, 1599.17, 0.26, 27.10, 84.11
12, 0.01, 1599.17, 0.26, 27.12, 84.14
12, 0.01, 1599.17, 0.26, 27.12, 84.13
12, 0.01, 1599.17, 0.26, 27.09, 84.15
12, 0.01, 1599.17, 0.26, 27.09, 84.16
12, 0.01, 1599.17, 0.26, 27.10, 84.18
12, 0.01, 1599.17, 0.26, 27.11, 84.18
12, 0.01, 1599.17, 0.26, 27.11, 84.17
12, 0.01, 1599.17, 0.26, 27.09, 84.18
12, 0.01, 1599.17, 0.26, 27.08, 84.19
12, 0.01, 1599.17, 0.26, 27.10, 84.17
12, 0.01, 1599.17, 0.26, 27.10, 84.15
12, 0.01, 1599.17, 0.26, 27.09, 84.20
12, 0.01, 1599.17, 0.26, 27.08, 84.22
12, 0.01, 1599.17, 0.26, 27.07, 84.24
12, 0.01, 1599.17, 0.26, 27.09, 84.22
12, 0.01, 1599.17, 0.26, 27.08, 84.19
12, 0.01, 1599.17, 0.26, 27.08, 84.22
12, 0.01, 1599.17, 0.26, 27.08, 84.25
12, 0.01, 1599.17, 0.26, 27.06, 84.28
12, 0.01, 1599.17, 0.26, 27.08, 84.23
12, 0.01, 1599.17, 0.26, 27.07, 84.27
12, 0.01, 1599.17, 0.26, 27.07, 84.24
12, 0.01, 1599.17, 0.26, 27.05, 84.30
12, 0.01, 1599.17, 0.26, 27.06, 84.30
12, 0.01, 1599.17, 0.26, 27.06, 84.28
12, 0.01, 1599.17, 0.26, 27.06, 84.28
12, 0.01, 1599.17, 0.26, 27.05, 84.30
12, 0.01, 1599.17, 0.26, 27.03, 84.33
12, 0.01, 1599.17, 0.26, 27.04, 84.34
12, 0.01, 1599.17, 0.26, 27.05, 84.35
12, 0.01, 1599.17, 0.26, 27.04, 84.33
12, 0.01, 1599.17, 0.26, 27.04, 84.30
12, 0.01, 1599.17, 0.26, 27.06, 84.32
12, 0.01, 1599.17, 0.26, 27.06, 84.28
12, 0.01, 1599.17, 0.26, 27.05, 84.30
12, 0.01, 1599.17, 0.26, 27.05, 84.35
12, 0.01, 1599.17, 0.26, 27.06, 84.30
12, 0.01, 1599.17, 0.26, 27.04, 84.34
12, 0.01, 1599.17, 0.26, 27.03, 84.35
12, 0.01, 1599.17, 0.26, 27.04, 84.35
12, 0.01, 1599.17, 0.26, 27.02, 84.37
12, 0.01, 1599.17, 0.26, 27.02, 84.37
12, 0.01, 1599.17, 0.26, 27.04, 84.37
12, 0.01, 1599.17, 0.26, 27.03, 84.36
12, 0.01, 1599.17, 0.26, 27.03, 84.40
12, 0.01, 1599.17, 0.26, 27.01, 84.40
12, 0.01, 1599.17, 0.26, 27.03, 84.38
12, 0.01, 1599.17, 0.26, 27.03, 84.37
12, 0.01, 1599.17, 0.26, 27.04, 84.35
12, 0.01, 1599.17, 0.26, 27.02, 84.39
12, 0.01, 1599.17, 0.26, 27.02, 84.37
12, 0.01, 1599.17, 0.26, 27.02, 84.39
12, 0.01, 1599.17, 0.26, 27.03, 84.43
12, 0.01, 1599.17, 0.26, 27.01, 84.42
12, 0.01, 1599.17, 0.26, 27.00, 84.43
12, 0.01, 1599.17, 0.26, 27.00, 84.45
12, 0.01, 1599.17, 0.26, 27.01, 84.46
12, 0.01, 1599.17, 0.26, 27.01, 84.41
12, 0.01, 1599.17, 0.26, 27.02, 84.44
12, 0.01, 1599.17, 0.26, 27.00, 84.45
12, 0.01, 1599.17, 0.26, 26.99, 84.44
12, 0.01, 1599.17, 0.26, 26.99, 84.47
12, 0.01, 1599.17, 0.26, 27.01, 84.48
12, 0.01, 1599.17, 0.26, 26.99, 84.45
12, 0.01, 1599.17, 0.26, 27.00, 84.47
12, 0.01, 1599.17, 0.26, 26.99, 84.46
12, 0.01, 1599.17, 0.26, 26.99, 84.48
12, 0.01, 1599.17, 0.26, 26.99, 84.49
12, 0.01, 1599.17, 0.26, 26.99, 84.52
12, 0.01, 1599.17, 0.26, 26.99, 84.51
12, 0.01, 1599.17, 0.26, 26.98, 84.50
12, 0.01, 1599.17, 0.26, 26.99, 84.49
12, 0.01, 1599.17, 0.26, 26.99, 84.50
12, 0.01, 1599.17, 0.26, 26.98, 84.50
12, 0.01, 1599.17, 0.26, 26.99, 84.53
12, 0.01, 1599.17, 0.26, 27.00, 84.50
12, 0.01, 1599.17, 0.26, 26.99, 84.48
12, 0.01, 1599.17, 0.26, 26.98, 84.51
12, 0.01, 1599.17, 0.26, 26.98, 84.50
12, 0.01, 1599.17, 0.26, 26.97, 84.56
12, 0.01, 1599.17, 0.26, 26.96, 84.57
12, 0.01, 1599.17, 0.26, 26.98, 84.57
12, 0.01, 1599.17, 0.26, 26.98, 84.55
12, 0.01, 1599.17, 0.26, 26.96, 84.55
12, 0.01, 1599.17, 0.26, 26.97, 84.57
12, 0.01, 1599.17, 0.26, 26.97, 84.57
12, 0.01, 1599.17, 0.26, 26.95, 84.58
12, 0.01, 1599.17, 0.26, 26.96, 84.56
12, 0.01, 1599.17, 0.26, 26.97, 84.58
12, 0.01, 1599.17, 0.26, 26.97, 84.59
12, 0.01, 1599.17, 0.26, 26.96, 84.59
12, 0.01, 1599.17, 0.26, 26.96, 84.61
12, 0.01, 1599.17, 0.26, 26.97, 84.61
12, 0.01, 1599.17, 0.26, 26.96, 84.59
12, 0.01, 1599.17, 0.26, 26.96, 84.62
12, 0.01, 1599.17, 0.26, 26.97, 84.60
12, 0.01, 1599.17, 0.26, 26.96, 84.59
12, 0.01, 1599.17, 0.26, 26.98, 84.59
12, 0.01, 1599.17, 0.26, 26.97, 84.65
12, 0.01, 1599.17, 0.26, 26.96, 84.64
12, 0.01, 1599.17, 0.26, 26.98, 84.61
12, 0.01, 1599.17, 0.26, 26.96, 84.62
12, 0.01, 1599.17, 0.26, 26.96, 84.64
12, 0.01, 1599.17, 0.26, 26.95, 84.64
12, 0.01, 1599.17, 0.26, 26.95, 84.64
12, 0.01, 1599.17, 0.26, 26.95, 84.67
12, 0.01, 1599.17, 0.26, 26.95, 84.68
12, 0.01, 1599.17, 0.26, 26.95, 84.68
12, 0.01, 1599.17, 0.26, 26.94, 84.67
12, 0.01, 1599.17, 0.26, 26.95, 84.70
12, 0.01, 1599.17, 0.26, 26.94, 84.67
12, 0.01, 1599.17, 0.26, 26.94, 84.67
12, 0.01, 1599.17, 0.26, 26.94, 84.69
12, 0.01, 1599.17, 0.26, 26.94, 84.69
12, 0.01, 1599.17, 0.26, 26.94, 84.72
12, 0.01, 1599.17, 0.26, 26.94, 84.70
12, 0.01, 1599.17, 0.26, 26.93, 84.70
12, 0.01, 1599.17, 0.26, 26.93, 84.72
12, 0.01, 1599.17, 0.26, 26.95, 84.72
12, 0.01, 1599.17, 0.26, 26.93, 84.71
12, 0.01, 1599.17, 0.26, 26.93, 84.72
12, 0.01, 1599.17, 0.26, 26.92, 84.72
12, 0.01, 1599.17, 0.26, 26.92, 84.75
12, 0.01, 1599.17, 0.26, 26.91, 84.76
12, 0.01, 1599.17, 0.26, 26.92, 84.78
12, 0.01, 1599.17, 0.26, 26.92, 84.77
12, 0.01, 1599.17, 0.26, 26.91, 84.79
12, 0.01, 1599.17, 0.26, 26.94, 84.76
12, 0.01, 1599.17, 0.26, 26.93, 84.73
12, 0.01, 1599.17, 0.26, 26.93, 84.73
12, 0.01, 1599.17, 0.26, 26.92, 84.76
12, 0.01, 1599.17, 0.26, 26.90, 84.76
12, 0.01, 1599.17, 0.26, 26.91, 84.84
12, 0.01, 1599.17, 0.26, 26.93, 84.77
12, 0.01, 1599.17, 0.26, 26.91, 84.79
12, 0.01, 1599.17, 0.26, 26.90, 84.79
12, 0.01, 1599.17, 0.26, 26.91, 84.81
12, 0.01, 1599.17, 0.26, 26.92, 84.83
12, 0.01, 1599.17, 0.26, 26.91, 84.82
12, 0.01, 1599.17, 0.26, 26.90, 84.80
12, 0.01, 1599.17, 0.26, 26.92, 84.81
12, 0.01, 1599.17, 0.26, 26.90, 84.83
12, 0.01, 1599.17, 0.26, 26.92, 84.81
12, 0.01, 1599.17, 0.26, 26.90, 84.83
12, 0.01, 1599.17, 0.26, 26.91, 84.85
12, 0.01, 1599.17, 0.26, 26.91, 84.82
12, 0.01, 1599.17, 0.26, 26.91, 84.83
12, 0.01, 1599.17, 0.26, 26.92, 84.83
12, 0.01, 1599.17, 0.26, 26.91, 84.81
12, 0.01, 1599.17, 0.26, 26.91, 84.84
12, 0.01, 1599.17, 0.26, 26.91, 84.82
12, 0.01, 1599.17, 0.26, 26.91, 84.81
12, 0.01, 1599.17, 0.26, 26.89, 84.85
12, 0.01, 1599.17, 0.26, 26.90, 84.85
12, 0.01, 1599.17, 0.26, 26.89, 84.87
12, 0.01, 1599.17, 0.26, 26.91, 84.89
12, 0.01, 1599.17, 0.26, 26.90, 84.86
12, 0.01, 1599.17, 0.26, 26.89, 84.89
12, 0.01, 1599.17, 0.26, 26.88, 84.89
12, 0.01, 1599.17, 0.26, 26.88, 84.91
12, 0.01, 1599.17, 0.26, 26.89, 84.91
12, 0.01, 1599.17, 0.26, 26.89, 84.89
12, 0.01, 1599.17, 0.26, 26.88, 84.90
12, 0.01, 1599.17, 0.26, 26.88, 84.92
12, 0.01, 1599.17, 0.26, 26.89, 84.96
12, 0.01, 1599.17, 0.26, 26.86, 84.93
12, 0.01, 1599.17, 0.26, 26.88, 84.94
12, 0.01, 1599.17, 0.26, 26.88, 84.95
12, 0.01, 1599.17, 0.26, 26.89, 84.93
12, 0.01, 1599.17, 0.26, 26.87, 84.97
12, 0.01, 1599.17, 0.26, 26.85, 84.99
12, 0.01, 1599.17, 0.26, 26.86, 85.01
12, 0.01, 1599.17, 0.26, 26.87, 84.98
12, 0.01, 1599.17, 0.26, 26.86, 84.99
12, 0.01, 1599.17, 0.26, 26.87, 85.00
12, 0.01, 1599.17, 0.26, 26.86, 84.99
12, 0.01, 1599.17, 0.26, 26.87, 85.00
12, 0.01, 1599.17, 0.26, 26.88, 84.99
12, 0.01, 1599.17, 0.26, 26.85, 85.02
12, 0.01, 1599.17, 0.26, 26.84, 85.03
12, 0.01, 1599.17, 0.26, 26.85, 85.04
12, 0.01, 1599.17, 0.26, 26.87, 85.02
12, 0.01, 1599.17, 0.26, 26.85, 85.05
12, 0.01, 1599.17, 0.26, 26.87, 85.01
12, 0.01, 1599.17, 0.26, 26.84, 85.04
12, 0.01, 1599.17, 0.26, 26.86, 85.01
12, 0.01, 1599.17, 0.26, 26.87, 85.00
12, 0.01, 1599.17, 0.26, 26.85, 85.02
12, 0.01, 1599.17, 0.26, 26.86, 85.02
12, 0.01, 1599.17, 0.26, 26.88, 84.99
12, 0.01, 1599.17, 0.26, 26.86, 85.03
12, 0.01, 1599.17, 0.26, 26.84, 85.06
12, 0.01, 1599.17, 0.26, 26.85, 85.02
12, 0.01, 1599.17, 0.26, 26.84, 85.07
12, 0.01, 1599.17, 0.26, 26.83, 85.07
12, 0.01, 1599.17, 0.26, 26.84, 85.07
12, 0.01, 1599.17, 0.26, 26.84, 85.08
12, 0.01, 1599.17, 0.26, 26.83, 85.07
12, 0.01, 1599.17, 0.26, 26.85, 85.08
12, 0.01, 1599.17, 0.26, 26.84, 85.08
12, 0.01, 1599.17, 0.26, 26.85, 85.05
12, 0.01, 1599.17, 0.26, 26.83, 85.10
12, 0.01, 1599.17, 0.26, 26.82, 85.09
12, 0.01, 1599.17, 0.26, 26.83, 85.10
12, 0.01, 1599.17, 0.26, 26.83, 85.12
12, 0.01, 1599.17, 0.26, 26.82, 85.10
12, 0.01, 1599.17, 0.26, 26.83, 85.11
12, 0.01, 1599.17, 0.26, 26.83, 85.13
12, 0.01, 1599.17, 0.26, 26.85, 85.09
12, 0.01, 1599.17, 0.26, 26.82, 85.10
12, 0.01, 1599.17, 0.26, 26.83, 85.12
12, 0.01, 1599.17, 0.26, 26.83, 85.10
12, 0.01, 1599.17, 0.26, 26.83, 85.14
12, 0.01, 1599.17, 0.26, 26.81, 85.15
12, 0.01, 1599.17, 0.26, 26.81, 85.17
12, 0.01, 1599.17, 0.26, 26.80, 85.21
12, 0.01, 1599.17, 0.26, 26.81, 85.21
12, 0.01, 1599.17, 0.26, 26.81, 85.20
12, 0.01, 1599.17, 0.26, 26.81, 85.16
12, 0.01, 1599.17, 0.26, 26.81, 85.16
12, 0.01, 1599.17, 0.26, 26.82, 85.19
12, 0.01, 1599.17, 0.26, 26.82, 85.16
12, 0.01, 1599.17, 0.26, 26.82, 85.15
12, 0.01, 1599.17, 0.26, 26.81, 85.17
12, 0.01, 1599.17, 0.26, 26.84, 85.17
12, 0.01, 1599.17, 0.26, 26.83, 85.15
12, 0.01, 1599.17, 0.26, 26.82, 85.18
12, 0.01, 1599.17, 0.26, 26.81, 85.19
12, 0.01, 1599.17, 0.26, 26.81, 85.18
12, 0.01, 1599.17, 0.26, 26.81, 85.19
12, 0.01, 1599.17, 0.26, 26.81, 85.21
12, 0.01, 1599.17, 0.26, 26.77, 85.29
12, 0.01, 1599.17, 0.26, 26.79, 85.25
12, 0.01, 1599.17, 0.26, 26.78, 85.27
12, 0.01, 1599.17, 0.26, 26.79, 85.26
12, 0.01, 1599.17, 0.26, 26.79, 85.30
12, 0.01, 1599.17, 0.26, 26.77, 85.31
12, 0.01, 1599.17, 0.26, 26.79, 85.28
12, 0.01, 1599.17, 0.26, 26.78, 85.32
12, 0.01, 1599.17, 0.26, 26.78, 85.30
12, 0.01, 1599.17, 0.26, 26.79, 85.26
12, 0.01, 1599.17, 0.26, 26.78, 85.30
12, 0.01, 1599.17, 0.26, 26.78, 85.32
12, 0.01, 1599.17, 0.26, 26.78, 85.29
12, 0.01, 1599.17, 0.26, 26.78, 85.31
12, 0.01, 1599.17, 0.26, 26.78, 85.29
12, 0.01, 1599.17, 0.26, 26.78, 85.27
12, 0.01, 1599.17, 0.26, 26.79, 85.26
12, 0.01, 1599.17, 0.26, 26.78, 85.31
12, 0.01, 1599.17, 0.26, 26.78, 85.31
12, 0.01, 1599.17, 0.26, 26.79, 85.31
12, 0.01, 1599.17, 0.26, 26.78, 85.33
12, 0.01, 1599.17, 0.26, 26.77, 85.34
12, 0.01, 1599.17, 0.26, 26.77, 85.31
12, 0.01, 1599.17, 0.26, 26.79, 85.32
12, 0.01, 1599.17, 0.26, 26.78, 85.30
12, 0.01, 1599.17, 0.26, 26.78, 85.29
12, 0.01, 1599.17, 0.26, 26.77, 85.34
12, 0.01, 1599.17, 0.26, 26.76, 85.37
12, 0.01, 1599.17, 0.26, 26.77, 85.35
12, 0.01, 1599.17, 0.26, 26.76, 85.40
12, 0.01, 1599.17, 0.26, 26.74, 85.39
12, 0.01, 1599.17, 0.26, 26.76, 85.40
12, 0.01, 1599.17, 0.26, 26.75, 85.41
12, 0.01, 1599.17, 0.26, 26.75, 85.39
12, 0.01, 1599.17, 0.26, 26.74, 85.43
12, 0.01, 1599.17, 0.26, 26.75, 85.41
12, 0.01, 1599.17, 0.26, 26.75, 85.43
12, 0.01, 1599.17, 0.26, 26.76, 85.41
12, 0.01, 1599.17, 0.26, 26.77, 85.42
12, 0.01, 1599.17, 0.26, 26.74, 85.44
12, 0.01, 1599.17, 0.26, 26.76, 85.43
12, 0.01, 1599.17, 0.26, 26.75, 85.43
12, 0.01, 1599.17, 0.26, 26.74, 85.41
12, 0.01, 1599.17, 0.26, 26.75, 85.45
12, 0.01, 1599.17, 0.26, 26.74, 85.44
12, 0.01, 1599.17, 0.26, 26.76, 85.41
12, 0.01, 1599.17, 0.26, 26.76, 85.39
12, 0.01, 1599.17, 0.26, 26.75, 85.39
12, 0.01, 1599.17, 0.26, 26.73, 85.49
12, 0.01, 1599.17, 0.26, 26.75, 85.44
12, 0.01, 1599.17, 0.26, 26.74, 85.43
12, 0.01, 1599.17, 0.26, 26.76, 85.48
12, 0.01, 1599.17, 0.26, 26.74, 85.47
12, 0.01, 1599.17, 0.26, 26.74, 85.44
12, 0.01, 1599.17, 0.26, 26.72, 85.45
12, 0.01, 1599.17, 0.26, 26.73, 85.46
12, 0.01, 1599.17, 0.26, 26.74, 85.48
12, 0.01, 1599.17, 0.26, 26.73, 85.51
12, 0.01, 1599.17, 0.26, 26.75, 85.49
12, 0.01, 1599.17, 0.26, 26.74, 85.47
12, 0.01, 1599.17, 0.26, 26.74, 85.49
12, 0.01, 1599.17, 0.26, 26.73, 85.48
12, 0.01, 1599.17, 0.26, 26.74, 85.46
12, 0.01, 1599.17, 0.26, 26.73, 85.48
12, 0.01, 1599.17, 0.26, 26.73, 85.46
12, 0.01, 1599.17, 0.26, 26.73, 85.52
12, 0.01, 1599.17, 0.26, 26.73, 85.52
12, 0.01, 1599.17, 0.26, 26.73, 85.51
12, 0.01, 1599.17, 0.26, 26.72, 85.51
12, 0.01, 1599.17, 0.26, 26.71, 85.57
12, 0.01, 1599.17, 0.26, 26.72, 85.55
12, 0.01, 1599.17, 0.26, 26.73, 85.52
12, 0.01, 1599.17, 0.26, 26.72, 85.51
12, 0.01, 1599.17, 0.26, 26.71, 85.54
12, 0.01, 1599.17, 0.26, 26.72, 85.53
12, 0.01, 1599.17, 0.26, 26.72, 85.55
12, 0.01, 1599.17, 0.26, 26.70, 85.52
12, 0.01, 1599.17, 0.26, 26.71, 85.56
12, 0.01, 1599.17, 0.26, 26.71, 85.59
12, 0.01, 1599.17, 0.26, 26.72, 85.59
12, 0.01, 1599.17, 0.26, 26.71, 85.58
12, 0.01, 1599.17, 0.26, 26.72, 85.56
12, 0.01, 1599.17, 0.26, 26.73, 85.53
12, 0.01, 1599.17, 0.26, 26.73, 85.54
12, 0.01, 1599.17, 0.26, 26.72, 85.53
12, 0.01, 1599.17, 0.26, 26.70, 85.60
12, 0.01, 1599.17, 0.26, 26.71, 85.53
12, 0.01, 1599.17, 0.26, 26.70, 85.63
12, 0.01, 1599.17, 0.26, 26.70, 85.62
12, 0.01, 1599.17, 0.26, 26.70, 85.64
12, 0.01, 1599.17, 0.26, 26.70, 85.61
12, 0.01, 1599.17, 0.26, 26.70, 85.64
12, 0.01, 1599.17, 0.26, 26.69, 85.62
12, 0.01, 1599.17, 0.26, 26.68, 85.65
12, 0.01, 1599.17, 0.26, 26.69, 85.63
12, 0.01, 1599.17, 0.26, 26.68, 85.66
12, 0.01, 1599.17, 0.26, 26.69, 85.64
12, 0.01, 1599.17, 0.26, 26.68, 85.67
12, 0.01, 1599.17, 0.26, 26.68, 85.69
12, 0.01, 1599.17, 0.26, 26.68, 85.68
12, 0.01, 1599.17, 0.26, 26.68, 85.69
12, 0.01, 1599.17, 0.26, 26.69, 85.66
12, 0.01, 1599.17, 0.26, 26.68, 85.68
12, 0.01, 1599.17, 0.26, 26.69, 85.64
12, 0.01, 1599.17, 0.26, 26.69, 85.67
12, 0.01, 1599.17, 0.26, 26.69, 85.65
12, 0.01, 1599.17, 0.26, 26.68, 85.65
12, 0.01, 1599.17, 0.26, 26.69, 85.70
12, 0.01, 1599.17, 0.26, 26.66, 85.71
12, 0.01, 1599.17, 0.26, 26.67, 85.69
12, 0.01, 1599.17, 0.26, 26.66, 85.73
12, 0.01, 1599.17, 0.26, 26.67, 85.72
12, 0.01, 1599.17, 0.26, 26.66, 85.74
12, 0.01, 1599.17, 0.26, 26.67, 85.71
12, 0.01, 1599.17, 0.26, 26.66, 85.71
12, 0.01, 1599.17, 0.26, 26.65, 85.78
12, 0.01, 1599.17, 0.26, 26.66, 85.72
12, 0.01, 1599.17, 0.26, 26.64, 85.77
12, 0.01, 1599.17, 0.26, 26.64, 85.78
12, 0.01, 1599.17, 0.26, 26.66, 85.77
12, 0.01, 1599.17, 0.26, 26.64, 85.76
12, 0.01, 1599.17, 0.26, 26.67, 85.74
12, 0.01, 1599.17, 0.26, 26.64, 85.75
12, 0.01, 1599.17, 0.26, 26.66, 85.76
12, 0.01, 1599.17, 0.26, 26.65, 85.77
12, 0.01, 1599.17, 0.26, 26.64, 85.76
12, 0.01, 1599.17, 0.26, 26.63, 85.77
12, 0.01, 1599.17, 0.26, 26.64, 85.80
12, 0.01, 1599.17, 0.26, 26.65, 85.80
12, 0.01, 1599.17, 0.26, 26.66, 85.79
12, 0.01, 1599.17, 0.26, 26.65, 85.79
12, 0.01, 1599.17, 0.26, 26.63, 85.79
12, 0.01, 1599.17, 0.26, 26.62, 85.82
12, 0.01, 1599.17, 0.26, 26.63, 85.85
12, 0.01, 1599.17, 0.26, 26.62, 85.85
12, 0.01, 1599.17, 0.26, 26.63, 85.85
12, 0.01, 1599.17, 0.26, 26.62, 85.86
12, 0.01, 1599.17, 0.26, 26.60, 85.87
12, 0.01, 1599.17, 0.26, 26.60, 85.89
12, 0.01, 1599.17, 0.26, 26.61, 85.87
12, 0.01, 1599.17, 0.26, 26.60, 85.89
12, 0.01, 1599.17, 0.26, 26.59, 85.92
12, 0.01, 1599.17, 0.26, 26.60, 85.94
12, 0.01, 1599.17, 0.26, 26.60, 85.94
12, 0.01, 1599.17, 0.26, 26.60, 85.90
12, 0.01, 1599.17, 0.26, 26.61, 85.90
12, 0.01, 1599.17, 0.26, 26.61, 85.89
12, 0.01, 1599.17, 0.26, 26.61, 85.90
12, 0.01, 1599.17, 0.26, 26.61, 85.91
12, 0.01, 1599.17, 0.26, 26.61, 85.92
12, 0.01, 1599.17, 0.26, 26.60, 85.89
12, 0.01, 1599.17, 0.26, 26.60, 85.93
12, 0.01, 1599.17, 0.26, 26.58, 85.96
12, 0.01, 1599.17, 0.26, 26.60, 85.97
12, 0.01, 1599.17, 0.26, 26.60, 85.92
12, 0.01, 1599.17, 0.26, 26.61, 85.89
12, 0.01, 1599.17, 0.26, 26.60, 85.91
12, 0.01, 1599.17, 0.26, 26.61, 85.94
12, 0.01, 1599.17, 0.26, 26.59, 85.92
12, 0.01, 1599.17, 0.26, 26.60, 85.95
12, 0.01, 1599.17, 0.26, 26.60, 85.95
12, 0.01, 1599.17, 0.26, 26.60, 85.93
12, 0.01, 1599.17, 0.26, 26.61, 85.90
12, 0.01, 1599.17, 0.26, 26.60, 85.89
12, 0.01, 1599.17, 0.26, 26.58, 85.98
12, 0.01, 1599.17, 0.26, 26.58, 86.00
12, 0.01, 1599.17, 0.26, 26.58, 85.98
12, 0.01, 1599.17, 0.26, 26.59, 85.95
12, 0.01, 1599.17, 0.26, 26.56, 85.98
12, 0.01, 1599.17, 0.26, 26.54, 86.07
12, 0.01, 1599.17, 0.26, 26.56, 86.05
12, 0.01, 1599.17, 0.26, 26.57, 86.03
12, 0.01, 1599.17, 0.26, 26.56, 86.03
12, 0.01, 1599.17, 0.26, 26.57, 85.99
12, 0.01, 1599.17, 0.26, 26.57, 85.99
12, 0.01, 1599.17, 0.26, 26.58, 86.00
12, 0.01, 1599.17, 0.26, 26.57, 85.99
12, 0.01, 1599.17, 0.26, 26.59, 85.99
12, 0.01, 1599.17, 0.26, 26.57, 86.02
12, 0.01, 1599.17, 0.26, 26.57, 86.02
12, 0.01, 1599.17, 0.26, 26.56, 86.04
12, 0.01, 1599.17, 0.26, 26.56, 86.04
12, 0.01, 1599.17, 0.26, 26.57, 86.04
12, 0.01, 1599.17, 0.26, 26.57, 86.02
12, 0.01, 1599.17, 0.26, 26.54, 86.07
12, 0.01, 1599.17, 0.26, 26.55, 86.06
12, 0.01, 1599.17, 0.26, 26.55, 86.07
12, 0.01, 1599.17, 0.26, 26.56, 86.08
12, 0.01, 1599.17, 0.26, 26.56, 86.06
12, 0.01, 1599.17, 0.26, 26.55, 86.07
12, 0.01, 1599.17, 0.26, 26.53, 86.10
12, 0.01, 1599.17, 0.26, 26.55, 86.09
12, 0.01, 1599.17, 0.26, 26.54, 86.07
12, 0.01, 1599.17, 0.26, 26.55, 86.07
12, 0.01, 1599.17, 0.26, 26.54, 86.08
12, 0.01, 1599.17, 0.26, 26.54, 86.08
12, 0.01, 1599.17, 0.26, 26.55, 86.04
12, 0.01, 1599.17, 0.26, 26.57, 86.05
12, 0.01, 1599.17, 0.26, 26.56, 86.07
12, 0.01, 1599.17, 0.26, 26.55, 86.08
12, 0.01, 1599.17, 0.26, 26.57, 86.04
12, 0.01, 1599.17, 0.26, 26.56, 86.04
12, 0.01, 1599.17, 0.26, 26.54, 86.07
12, 0.01, 1599.17, 0.26, 26.54, 86.06
12, 0.01, 1599.17, 0.26, 26.54, 86.10
12, 0.01, 1599.17, 0.26, 26.53, 86.10
12, 0.01, 1599.17, 0.26, 26.52, 86.09
12, 0.01, 1599.17, 0.26, 26.55, 86.12
12, 0.01, 1599.17, 0.26, 26.52, 86.15
12, 0.01, 1599.17, 0.26, 26.51, 86.14
12, 0.01, 1599.17, 0.26, 26.52, 86.14
12, 0.01, 1599.17, 0.26, 26.53, 86.13
12, 0.01, 1599.17, 0.26, 26.53, 86.09
12, 0.01, 1599.17, 0.26, 26.53, 86.09
12, 0.01, 1599.17, 0.26, 26.52, 86.15
12, 0.01, 1599.17, 0.26, 26.53, 86.13
12, 0.01, 1599.17, 0.26, 26.51, 86.18
12, 0.01, 1599.17, 0.26, 26.52, 86.15
12, 0.01, 1599.17, 0.26, 26.50, 86.20
12, 0.01, 1599.17, 0.26, 26.51, 86.20
12, 0.01, 1599.17, 0.26, 26.52, 86.18
12, 0.01, 1599.17, 0.26, 26.53, 86.15
12, 0.01, 1599.17, 0.26, 26.52, 86.17
12, 0.01, 1599.17, 0.26, 26.52, 86.17
12, 0.01, 1599.17, 0.26, 26.52, 86.14
12, 0.01, 1599.17, 0.26, 26.51, 86.15
12, 0.01, 1599.17, 0.26, 26.51, 86.14
12, 0.01, 1599.17, 0.26, 26.52, 86.16
12, 0.01, 1599.17, 0.26, 26.51, 86.16
12, 0.01, 1599.17, 0.26, 26.52, 86.16
12, 0.01, 1599.17, 0.26, 26.52, 86.15
12, 0.01, 1599.17, 0.26, 26.48, 86.20
12, 0.01, 1599.17, 0.26, 26.48, 86.19
12, 0.01, 1599.17, 0.26, 26.49, 86.22
12, 0.01, 1599.17, 0.26, 26.50, 86.16
12, 0.01, 1599.17, 0.26, 26.51, 86.20
12, 0.01, 1599.17, 0.26, 26.50, 86.20
12, 0.01, 1599.17, 0.26, 26.51, 86.19
12, 0.01, 1599.17, 0.26, 26.49, 86.21
12, 0.01, 1599.17, 0.26, 26.51, 86.21
12, 0.01, 1599.17, 0.26, 26.50, 86.18
12, 0.01, 1599.17, 0.26, 26.48, 86.24
12, 0.01, 1599.17, 0.26, 26.49, 86.23
12, 0.01, 1599.17, 0.26, 26.49, 86.21
12, 0.01, 1599.17, 0.26, 26.47, 86.23
12, 0.01, 1599.17, 0.26, 26.46, 86.25
12, 0.01, 1599.17, 0.26, 26.47, 86.23
12, 0.01, 1599.17, 0.26, 26.48, 86.24
12, 0.01, 1599.17, 0.26, 26.48, 86.24
12, 0.01, 1599.17, 0.26, 26.47, 86.27
12, 0.01, 1599.17, 0.26, 26.48, 86.22
12, 0.01, 1599.17, 0.26, 26.46, 86.28
12, 0.01, 1599.17, 0.26, 26.47, 86.27
12, 0.01, 1599.17, 0.26, 26.47, 86.26
12, 0.01, 1599.17, 0.26, 26.48, 86.22
12, 0.01, 1599.17, 0.26, 26.48, 86.24
12, 0.01, 1599.17, 0.26, 26.48, 86.25
12, 0.01, 1599.17, 0.26, 26.49, 86.24
12, 0.01, 1599.17, 0.26, 26.48, 86.23
12, 0.01, 1599.17, 0.26, 26.48, 86.24
12, 0.01, 1599.17, 0.26, 26.48, 86.28
12, 0.01, 1599.17, 0.26, 26.48, 86.24
12, 0.01, 1599.17, 0.26, 26.46, 86.23
12, 0.01, 1599.17, 0.26, 26.47, 86.28
12, 0.01, 1599.17, 0.26, 26.45, 86.26
12, 0.01, 1599.17, 0.26, 26.46, 86.29
12, 0.01, 1599.17, 0.26, 26.46, 86.26
12, 0.01, 1599.17, 0.26, 26.47, 86.30
12, 0.01, 1599.17, 0.26, 26.45, 86.33
12, 0.01, 1599.17, 0.26, 26.48, 86.28
12, 0.01, 1599.17, 0.26, 26.48, 86.24
12, 0.01, 1599.17, 0.26, 26.48, 86.25
12, 0.01, 1599.17, 0.26, 26.47, 86.26
12, 0.01, 1599.17, 0.26, 26.47, 86.24
12, 0.01, 1599.17, 0.26, 26.48, 86.24
12, 0.01, 1599.17, 0.26, 26.47, 86.24
12, 0.01, 1599.17, 0.26, 26.46, 86.23
12, 0.01, 1599.17, 0.26, 26.47, 86.27
12, 0.01, 1599.17, 0.26, 26.48, 86.23
12, 0.01, 1599.17, 0.26, 26.48, 86.26
12, 0.01, 1599.17, 0.26, 26.46, 86.26
12, 0.01, 1599.17, 0.26, 26.47, 86.26
12, 0.01, 1599.17, 0.26, 26.48, 86.27
12, 0.01, 1599.17, 0.26, 26.47, 86.24
12, 0.01, 1599.17, 0.26, 26.47, 86.26
12, 0.01, 1599.17, 0.26, 26.45, 86.27
12, 0.01, 1599.17, 0.26, 26.46, 86.29
12, 0.01, 1599.17, 0.26, 26.46, 86.29
12, 0.01, 1599.17, 0.26, 26.46, 86.27
12, 0.01, 1599.17, 0.26, 26.47, 86.27
12, 0.01, 1599.17, 0.26, 26.47, 86.25
12, 0.01, 1599.17, 0.26, 26.45, 86.29
12, 0.01, 1599.17, 0.26, 26.45, 86.27
12, 0.01, 1599.17, 0.26, 26.45, 86.29
12, 0.01, 1599.17, 0.26, 26.44, 86.31
12, 0.01, 1599.17, 0.26, 26.46, 86.31
12, 0.01, 1599.17, 0.26, 26.45, 86.29
12, 0.01, 1599.17, 0.26, 26.46, 86.29
12, 0.01, 1599.17, 0.26, 26.45, 86.29
12, 0.01, 1599.17, 0.26, 26.46, 86.30
12, 0.01, 1599.17, 0.26, 26.46, 86.27
12, 0.01, 1599.17, 0.26, 26.47, 86.27
12, 0.01, 1599.17, 0.26, 26.46, 86.28
12, 0.01, 1599.17, 0.26, 26.44, 86.28
12, 0.01, 1599.17, 0.26, 26.46, 86.27
12, 0.01, 1599.17, 0.26, 26.44, 86.32
12, 0.01, 1599.17, 0.26, 26.44, 86.32
12, 0.01, 1599.17, 0.26, 26.44, 86.30
12, 0.01, 1599.17, 0.26, 26.45, 86.33
12, 0.01, 1599.17, 0.26, 26.45, 86.30
12, 0.01, 1599.17, 0.26, 26.44, 86.31
12, 0.01, 1599.17, 0.26, 26.45, 86.32
12, 0.01, 1599.17, 0.26, 26.44, 86.31
12, 0.01, 1599.17, 0.26, 26.45, 86.32
12, 0.01, 1599.17, 0.26, 26.47, 86.26
12, 0.01, 1599.17, 0.26, 26.45, 86.26
12, 0.01, 1599.17, 0.26, 26.46, 86.31
12, 0.01, 1599.17, 0.26, 26.45, 86.30
12, 0.01, 1599.17, 0.26, 26.45, 86.30
12, 0.01, 1599.17, 0.26, 26.45, 86.31
12, 0.01, 1599.17, 0.26, 26.45, 86.25
12, 0.01, 1599.17, 0.26, 26.46, 86.29
12, 0.01, 1599.17, 0.26, 26.45, 86.30
12, 0.01, 1599.17, 0.26, 26.43, 86.35
12, 0.01, 1599.17, 0.26, 26.44, 86.35
12, 0.01, 1599.17, 0.26, 26.45, 86.32
12, 0.01, 1599.17, 0.26, 26.45, 86.36
12, 0.01, 1599.17, 0.26, 26.44, 86.31
12, 0.01, 1599.17, 0.26, 26.45, 86.29
12, 0.01, 1599.17, 0.26, 26.46, 86.29
12, 0.01, 1599.17, 0.26, 26.45, 86.33
12, 0.01, 1599.17, 0.26, 26.44, 86.30
12, 0.01, 1599.17, 0.26, 26.44, 86.31
12, 0.01, 1599.17, 0.26, 26.46, 86.33
12, 0.01, 1599.17, 0.26, 26.44, 86.32
12, 0.01, 1599.17, 0.26, 26.44, 86.35
12, 0.01, 1599.17, 0.26, 26.46, 86.33
12, 0.01, 1599.17, 0.26, 26.44, 86.29
12, 0.01, 1599.17, 0.26, 26.43, 86.31
12, 0.01, 1599.17, 0.26, 26.43, 86.34
12, 0.01, 1599.17, 0.26, 26.44, 86.33
12, 0.01, 1599.17, 0.26, 26.44, 86.34
12, 0.01, 1599.17, 0.26, 26.43, 86.37
12, 0.01, 1599.17, 0.26, 26.45, 86.34
12, 0.01, 1599.17, 0.26, 26.43, 86.35
12, 0.01, 1599.17, 0.26, 26.45, 86.35
12, 0.01, 1599.17, 0.26, 26.44, 86.33
12, 0.01, 1599.17, 0.26, 26.44, 86.34
12, 0.01, 1599.17, 0.26, 26.46, 86.35
12, 0.01, 1599.17, 0.26, 26.47, 86.29
12, 0.01, 1599.17, 0.26, 26.48, 86.31
12, 0.01, 1599.17, 0.26, 26.47, 86.29
12, 0.01, 1599.17, 0.26, 26.47, 86.27
12, 0.01, 1599.17, 0.26, 26.48, 86.28
12, 0.01, 1599.17, 0.26, 26.48, 86.26
12, 0.01, 1599.17, 0.26, 26.48, 86.29
12, 0.01, 1599.17, 0.26, 26.46, 86.28
12, 0.01, 1599.17, 0.26, 26.47, 86.27
12, 0.01, 1599.17, 0.26, 26.46, 86.29
12, 0.01, 1599.17, 0.26, 26.48, 86.31
12, 0.01, 1599.17, 0.26, 26.46, 86.36
12, 0.01, 1599.17, 0.26, 26.47, 86.32
12, 0.01, 1599.17, 0.26, 26.48, 86.29
12, 0.01, 1599.17, 0.26, 26.47, 86.30
12, 0.01, 1599.17, 0.26, 26.47, 86.28
12, 0.01, 1599.17, 0.26, 26.49, 86.28
12, 0.01, 1599.17, 0.26, 26.47, 86.26
12, 0.01, 1599.17, 0.26, 26.48, 86.26
12, 0.01, 1599.17, 0.26, 26.49, 86.25
12, 0.01, 1599.17, 0.26, 26.49, 86.27
12, 0.01, 1599.17, 0.26, 26.50, 86.27
12, 0.01, 1599.17, 0.26, 26.51, 86.25
12, 0.01, 1599.17, 0.26, 26.50, 86.22
12, 0.01, 1599.17, 0.26, 26.50, 86.22
12, 0.01, 1599.17, 0.26, 26.50, 86.26
12, 0.01, 1599.17, 0.26, 26.47, 86.31
12, 0.01, 1599.17, 0.26, 26.50, 86.29
12, 0.01, 1599.17, 0.26, 26.50, 86.33
12, 0.01, 1599.17, 0.26, 26.50, 86.32
12, 0.01, 1599.17, 0.26, 26.53, 86.34
12, 0.01, 1599.17, 0.26, 26.52, 86.44
12, 0.01, 1599.17, 0.26, 26.52, 86.65
12, 0.01, 1599.17, 0.26, 26.51, 86.76
12, 0.01, 1599.17, 0.26, 26.52, 86.89
12, 0.01, 1599.17, 0.26, 26.52, 86.96
12, 0.01, 1599.17, 0.26, 26.53, 87.01
12, 0.01, 1599.17, 0.26, 26.53, 87.12
12, 0.01, 1599.17, 0.26, 26.55, 87.18
12, 0.01, 1599.17, 0.26, 26.55, 87.19
12, 0.01, 1599.17, 0.26, 26.57, 87.07
12, 0.01, 1599.17, 0.26, 26.56, 87.03
12, 0.01, 1599.17, 0.26, 26.53, 86.90
12, 0.01, 1599.17, 0.26, 26.50, 86.85
12, 0.01, 1599.17, 0.26, 26.51, 86.79
12, 0.01, 1599.17, 0.26, 26.48, 86.68
12, 0.01, 1599.17, 0.26, 26.45, 86.65
12, 0.01, 1599.17, 0.26, 26.40, 86.62
12, 0.01, 1599.17, 0.26, 26.38, 86.60
12, 0.01, 1599.17, 0.26, 26.40, 86.49
12, 0.01, 1599.17, 0.26, 26.39, 86.36
12, 0.01, 1599.17, 0.26, 26.42, 86.18
12, 0.01, 1599.17, 0.26, 26.43, 86.09
12, 0.01, 1599.17, 0.26, 26.42, 86.01
12, 0.01, 1599.17, 0.26, 26.42, 85.91
12, 0.01, 1599.17, 0.26, 26.40, 85.85
12, 0.01, 1599.17, 0.26, 26.42, 85.80
12, 0.01, 1599.17, 0.26, 26.42, 85.69
12, 0.01, 1599.17, 0.26, 26.42, 85.59
12, 0.01, 1599.17, 0.26, 26.44, 85.40
12, 0.01, 1599.17, 0.26, 26.41, 85.32
12, 0.01, 1599.17, 0.26, 26.40, 85.28
12, 0.01, 1599.17, 0.26, 26.38, 85.31
12, 0.01, 1599.17, 0.26, 26.35, 85.31
12, 0.01, 1599.17, 0.26, 26.40, 85.21
12, 0.01, 1599.17, 0.26, 26.44, 85.08
12, 0.01, 1599.17, 0.26, 26.46, 84.99
12, 0.01, 1599.17, 0.26, 26.41, 84.92
12, 0.01, 1599.17, 0.26, 26.40, 84.87
12, 0.01, 1599.17, 0.26, 26.42, 84.83
12, 0.01, 1599.17, 0.26, 26.43, 84.74
12, 0.01, 1599.17, 0.26, 26.45, 84.70
12, 0.01, 1599.17, 0.26, 26.45, 84.64
12, 0.01, 1599.17, 0.26, 26.46, 84.54
12, 0.01, 1599.17, 0.26, 26.45, 84.49
12, 0.01, 1599.17, 0.26, 26.42, 84.45
12, 0.01, 1599.17, 0.26, 26.37, 84.55
12, 0.01, 1599.17, 0.26, 26.35, 84.51
12, 0.01, 1599.17, 0.26, 26.34, 84.50
12, 0.01, 1599.17, 0.26, 26.35, 84.39
12, 0.01, 1599.17, 0.26, 26.35, 84.36
12, 0.01, 1599.17, 0.26, 26.33, 84.30
12, 0.01, 1599.17, 0.26, 26.34, 84.22
12, 0.01, 1599.17, 0.26, 26.35, 84.18
12, 0.01, 1599.17, 0.26, 26.36, 84.11
12, 0.01, 1599.17, 0.26, 26.31, 84.08
12, 0.01, 1599.17, 0.26, 26.29, 84.06
12, 0.01, 1599.17, 0.26, 26.33, 83.98
12, 0.01, 1599.17, 0.26, 26.31, 83.94
12, 0.01, 1599.17, 0.26, 26.33, 83.89
12, 0.01, 1599.17, 0.26, 26.33, 83.83
12, 0.01, 1599.17, 0.26, 26.33, 83.78
12, 0.01, 1599.17, 0.26, 26.33, 83.73
12, 0.01, 1599.17, 0.26, 26.32, 83.73
12, 0.01, 1599.17, 0.26, 26.34, 83.70
12, 0.01, 1599.17, 0.26, 26.33, 83.62
12, 0.01, 1599.17, 0.26, 26.33, 83.53
12, 0.01, 1599.17, 0.26, 26.31, 83.51
12, 0.01, 1599.17, 0.26, 26.32, 83.49
12, 0.01, 1599.17, 0.26, 26.34, 83.42
12, 0.01, 1599.17, 0.26, 26.29, 83.35
12, 0.01, 1599.17, 0.26, 26.32, 83.34
12, 0.01, 1599.17, 0.26, 26.30, 83.29
12, 0.01, 1599.17, 0.26, 26.28, 83.24
12, 0.01, 1599.17, 0.26, 26.31, 83.25
12, 0.01, 1599.17, 0.26, 26.29, 83.24
12, 0.01, 1599.17, 0.26, 26.31, 83.19
12, 0.01, 1599.17, 0.26, 26.29, 83.14
12, 0.01, 1599.17, 0.26, 26.31, 83.08
12, 0.01, 1599.17, 0.26, 26.33, 83.02
12, 0.01, 1599.17, 0.26, 26.30, 82.98
12, 0.01, 1599.17, 0.26, 26.26, 83.05
12, 0.01, 1599.17, 0.26, 26.27, 83.06
12, 0.01, 1599.17, 0.26, 26.28, 82.97
12, 0.01, 1599.17, 0.26, 26.30, 82.97
12, 0.01, 1599.17, 0.26, 26.30, 82.92
12, 0.01, 1599.17, 0.26, 26.30, 82.88
12, 0.01, 1599.17, 0.26, 26.31, 82.83
12, 0.01, 1599.17, 0.26, 26.31, 82.79
12, 0.01, 1599.17, 0.26, 26.32, 82.73
12, 0.01, 1599.17, 0.26, 26.35, 82.67
12, 0.01, 1599.17, 0.26, 26.34, 82.65
12, 0.01, 1599.17, 0.26, 26.36, 82.61
12, 0.01, 1599.17, 0.26, 26.35, 82.59
12, 0.01, 1599.17, 0.26, 26.31, 82.62
12, 0.01, 1599.17, 0.26, 26.34, 82.62
12, 0.01, 1599.17, 0.26, 26.32, 82.63
12, 0.01, 1599.17, 0.26, 26.33, 82.66
12, 0.01, 1599.17, 0.26, 26.35, 82.59
12, 0.01, 1599.17, 0.26, 26.34, 82.55
12, 0.01, 1599.17, 0.26, 26.35, 82.53
12, 0.01, 1599.17, 0.26, 26.34, 82.50
12, 0.01, 1599.17, 0.26, 26.32, 82.53
12, 0.01, 1599.17, 0.26, 26.34, 82.50
12, 0.01, 1599.17, 0.26, 26.35, 82.41
12, 0.01, 1599.17, 0.26, 26.34, 82.40
12, 0.01, 1599.17, 0.26, 26.32, 82.46
12, 0.01, 1599.17, 0.26, 26.33, 82.43
12, 0.01, 1599.17, 0.26, 26.32, 82.51
12, 0.01, 1599.17, 0.26, 26.36, 82.55
12, 0.01, 1599.17, 0.26, 26.36, 82.55
12, 0.01, 1599.17, 0.26, 26.35, 82.57
12, 0.01, 1599.17, 0.26, 26.37, 82.54
12, 0.01, 1599.17, 0.26, 26.37, 82.51
12, 0.01, 1599.17, 0.26, 26.42, 82.43
12, 0.01, 1599.17, 0.26, 26.40, 82.30
12, 0.01, 1599.17, 0.26, 26.41, 82.31
12, 0.01, 1599.17, 0.26, 26.36, 82.27
12, 0.01, 1599.17, 0.26, 26.34, 82.29
12, 0.01, 1599.17, 0.26, 26.37, 82.24
12, 0.01, 1599.17, 0.26, 26.39, 82.14
12, 0.01, 1599.17, 0.26, 26.40, 82.09
12, 0.01, 1599.17, 0.26, 26.40, 82.02
12, 0.01, 1599.17, 0.26, 26.40, 81.97
12, 0.01, 1599.17, 0.26, 26.37, 81.99
12, 0.01, 1599.17, 0.26, 26.36, 82.00
12, 0.01, 1599.17, 0.26, 26.33, 82.03
12, 0.01, 1599.17, 0.26, 26.35, 82.01
12, 0.01, 1599.17, 0.26, 26.39, 81.97
12, 0.01, 1599.17, 0.26, 26.40, 81.93
12, 0.01, 1599.17, 0.26, 26.40, 81.98
12, 0.01, 1599.17, 0.26, 26.39, 81.96
12, 0.01, 1599.17, 0.26, 26.40, 81.93
12, 0.01, 1599.17, 0.26, 26.41, 81.88
12, 0.01, 1599.17, 0.26, 26.38, 81.84
12, 0.01, 1599.17, 0.26, 26.40, 81.79
12, 0.01, 1599.17, 0.26, 26.41, 81.82
12, 0.01, 1599.17, 0.26, 26.42, 81.82
12, 0.01, 1599.17, 0.26, 26.41, 81.78
12, 0.01, 1599.17, 0.26, 26.42, 81.78
12, 0.01, 1599.17, 0.26, 26.43, 81.71
12, 0.01, 1599.17, 0.26, 26.46, 81.81
11, 0.01, 1744.98, 0.23, 26.45, 81.88
11, 0.01, 1744.98, 0.23, 26.45, 81.88
11, 0.01, 1744.98, 0.23, 26.48, 81.86
11, 0.01, 1744.98, 0.23, 26.48, 81.80
11, 0.01, 1744.98, 0.23, 26.49, 81.74
11, 0.01, 1744.98, 0.23, 26.48, 81.64
