0.196566
0.383144
1.135735
1.188721
2.023915
2.248140
2.439373
3.402886
3.950014
4.964212
5.591169
7.305138
8.578769
8.971747
9.808497
9.906456
10.870250
10.963396
10.977974
11.390151
11.738519
12.647645
12.715874
14.549009
16.015618
18.233663
18.313685
18.656936
18.806988
19.003330
19.469685
19.714841
19.914538
20.270224
20.880897
21.028888
21.043888
21.061888
21.386242
21.889472
23.542415
24.156601
26.369741
28.761532
28.934680
29.012292
31.370515
33.309980
36.628731
37.770931
37.856058
38.613527
39.215853
40.615114
40.787551
40.939808
41.619827
41.724660
41.838866
43.690765
45.878000
47.530740
48.577951
48.892626
49.215230
50.713346
53.513930
53.517932
57.387734
57.557629
58.969424
59.162227
59.524685
60.349769
60.572394
62.518386
62.641842
62.697548
65.261059
66.580756
66.957751
67.469983
68.341821
69.629333
70.008914
70.825741
71.078624
71.105605
72.554887
72.642788
72.659370
74.408631
76.253771
76.268771
76.286771
76.763747
77.413079
77.769959
78.195130
78.416750
78.613014
78.944346
80.378696
82.942883
84.233026
85.215894
85.737547
86.008145
86.811422
86.865406
89.954894
90.942239
92.625886
92.636347
92.720585
93.859531
93.881411
94.495258
94.698841
94.998881
95.997248
96.215604
96.517994
97.288044
97.428001
98.403831
99.911713
101.825236
102.427294
102.628652
102.775034
102.919023
102.946478
104.025159
104.560650
104.575650
104.593650
106.344476
106.446529
108.882582
109.342499
109.436251
109.451229
109.627889
111.145877
111.322228
112.304411
112.369186
112.835658
113.620611
115.019592
115.881202
115.918174
117.122479
117.126819
117.285595
119.207620
120.207938
121.144322
121.701811
122.671480
122.831843
123.448093
123.803307
124.119135
124.972730
125.204206
125.970992
126.389969
130.343330
130.556879
130.615405
132.388220
135.119881
136.019713
136.056801
136.071466
136.158007
137.851733
140.670210
140.793029
140.932943
141.106786
142.663712
143.447343
144.190110